Model,Dataset,Accuracy,Precision,Recall,F1,AUC-ROC,LogLoss,CohenKappa,MCC,suppressed_records,suppression_percentage,test_size,k_anonymity,l_diversity,suppression_limit,epochs,row_multiplier,rows_generated_at_runtime
KNN,Anonymous,0.875,0.8341,0.875,0.8446,0.6035,2.119,0.1349,0.1631,1746,4.83,0.2,100.0,2.0,0.05,,,
KNN,Anonymous,0.8767,0.8357,0.8767,0.845,0.5993,2.0897,0.1337,0.1655,1810,5.0,0.2,100.0,2.0,0.3,,,
KNN,Anonymous,0.8767,0.8357,0.8767,0.845,0.5993,2.0897,0.1337,0.1655,1810,5.0,0.2,100.0,2.0,1.0,,,
