+----+--------------------+-----------------------+------------+-------------+----------+--------+-----------+-----------+--------------+--------+
|    | Model              | Dataset               |   Accuracy |   Precision |   Recall |     F1 |   AUC-ROC |   LogLoss |   CohenKappa |    MCC |
+====+====================+=======================+============+=============+==========+========+===========+===========+==============+========+
|  1 | DecisionTree       | Anonymous             |     0.6709 |      0.6895 |   0.6709 | 0.6785 |    0.7327 |   11.8608 |       0.477  | 0.4785 |
+----+--------------------+-----------------------+------------+-------------+----------+--------+-----------+-----------+--------------+--------+
|  2 | DecisionTree       | CTGAN_HYBRID          |     0.5098 |      0.5162 |   0.5098 | 0.4985 |    0.5985 |   17.669  |       0.22   | 0.2284 |
+----+--------------------+-----------------------+------------+-------------+----------+--------+-----------+-----------+--------------+--------+
|  3 | DecisionTree       | GaussianCopula_HYBRID |     0.4074 |      0.4171 |   0.4074 | 0.4112 |    0.5228 |   21.3602 |       0.0484 | 0.0486 |
+----+--------------------+-----------------------+------------+-------------+----------+--------+-----------+-----------+--------------+--------+
|  0 | DecisionTree       | Original              |     0.6792 |      0.6979 |   0.6792 | 0.687  |    0.7365 |   11.5622 |       0.4886 | 0.49   |
+----+--------------------+-----------------------+------------+-------------+----------+--------+-----------+-----------+--------------+--------+
|  4 | DecisionTree       | TVAE_HYBRID           |     0.4608 |      0.516  |   0.4608 | 0.4813 |    0.5798 |   19.4332 |       0.1726 | 0.1762 |
+----+--------------------+-----------------------+------------+-------------+----------+--------+-----------+-----------+--------------+--------+
|  6 | KNN                | Anonymous             |     0.5866 |      0.5689 |   0.5866 | 0.5723 |    0.6749 |    5.3167 |       0.3004 | 0.3047 |
+----+--------------------+-----------------------+------------+-------------+----------+--------+-----------+-----------+--------------+--------+
|  7 | KNN                | CTGAN_HYBRID          |     0.4736 |      0.4347 |   0.4736 | 0.4397 |    0.5473 |    9.0856 |       0.0782 | 0.0827 |
+----+--------------------+-----------------------+------------+-------------+----------+--------+-----------+-----------+--------------+--------+
|  8 | KNN                | GaussianCopula_HYBRID |     0.4345 |      0.4136 |   0.4345 | 0.4206 |    0.5317 |    5.7877 |       0.0442 | 0.0447 |
+----+--------------------+-----------------------+------------+-------------+----------+--------+-----------+-----------+--------------+--------+
|  5 | KNN                | Original              |     0.5798 |      0.5704 |   0.5798 | 0.5742 |    0.703  |    4.3475 |       0.306  | 0.3067 |
+----+--------------------+-----------------------+------------+-------------+----------+--------+-----------+-----------+--------------+--------+
|  9 | KNN                | TVAE_HYBRID           |     0.5369 |      0.5395 |   0.5369 | 0.5374 |    0.6565 |    5.7673 |       0.2527 | 0.2532 |
+----+--------------------+-----------------------+------------+-------------+----------+--------+-----------+-----------+--------------+--------+
| 11 | LogisticRegression | Anonymous             |     0.7402 |      0.7178 |   0.7402 | 0.719  |    0.8174 |    0.9318 |       0.5574 | 0.566  |
+----+--------------------+-----------------------+------------+-------------+----------+--------+-----------+-----------+--------------+--------+
| 12 | LogisticRegression | CTGAN_HYBRID          |     0.5738 |      0.5193 |   0.5738 | 0.5314 |    0.6695 |    1.2061 |       0.288  | 0.3036 |
+----+--------------------+-----------------------+------------+-------------+----------+--------+-----------+-----------+--------------+--------+
| 13 | LogisticRegression | GaussianCopula_HYBRID |     0.5663 |      0.5008 |   0.5663 | 0.4734 |    0.6811 |    0.9947 |       0.1772 | 0.2445 |
+----+--------------------+-----------------------+------------+-------------+----------+--------+-----------+-----------+--------------+--------+
| 10 | LogisticRegression | Original              |     0.7756 |      0.7608 |   0.7756 | 0.7619 |    0.879  |    0.5821 |       0.6209 | 0.6275 |
+----+--------------------+-----------------------+------------+-------------+----------+--------+-----------+-----------+--------------+--------+
| 14 | LogisticRegression | TVAE_HYBRID           |     0.7116 |      0.6931 |   0.7116 | 0.6986 |    0.802  |    1.1055 |       0.5157 | 0.5196 |
+----+--------------------+-----------------------+------------+-------------+----------+--------+-----------+-----------+--------------+--------+
| 16 | RandomForest       | Anonymous             |     0.7696 |      0.7532 |   0.7696 | 0.7545 |    0.8851 |    0.589  |       0.6104 | 0.617  |
+----+--------------------+-----------------------+------------+-------------+----------+--------+-----------+-----------+--------------+--------+
| 17 | RandomForest       | CTGAN_HYBRID          |     0.6175 |      0.5575 |   0.6175 | 0.5655 |    0.7013 |    0.9125 |       0.3404 | 0.355  |
+----+--------------------+-----------------------+------------+-------------+----------+--------+-----------+-----------+--------------+--------+
| 18 | RandomForest       | GaussianCopula_HYBRID |     0.5497 |      0.4582 |   0.5497 | 0.4608 |    0.6286 |    0.981  |       0.1492 | 0.1962 |
+----+--------------------+-----------------------+------------+-------------+----------+--------+-----------+-----------+--------------+--------+
| 15 | RandomForest       | Original              |     0.7779 |      0.7634 |   0.7779 | 0.7642 |    0.8886 |    0.6004 |       0.6248 | 0.6312 |
+----+--------------------+-----------------------+------------+-------------+----------+--------+-----------+-----------+--------------+--------+
| 19 | RandomForest       | TVAE_HYBRID           |     0.6995 |      0.6743 |   0.6995 | 0.6831 |    0.8206 |    0.7441 |       0.5039 | 0.5074 |
+----+--------------------+-----------------------+------------+-------------+----------+--------+-----------+-----------+--------------+--------+