+----+--------------------+-----------------------+------------+-------------+----------+--------+-----------+-----------+--------------+---------+
|    | Model              | Dataset               |   Accuracy |   Precision |   Recall |     F1 |   AUC-ROC |   LogLoss |   CohenKappa |     MCC |
+====+====================+=======================+============+=============+==========+========+===========+===========+==============+=========+
|  1 | DecisionTree       | Anonymous             |     0.8186 |      0.8217 |   0.8186 | 0.8202 |    0.5648 |    6.4788 |       0.1371 |  0.1372 |
+----+--------------------+-----------------------+------------+-------------+----------+--------+-----------+-----------+--------------+---------+
|  2 | DecisionTree       | CTGAN_HYBRID          |     0.8494 |      0.8003 |   0.8494 | 0.8215 |    0.5109 |    5.4143 |       0.0269 |  0.0299 |
+----+--------------------+-----------------------+------------+-------------+----------+--------+-----------+-----------+--------------+---------+
|  3 | DecisionTree       | GaussianCopula_HYBRID |     0.7997 |      0.801  |   0.7997 | 0.8003 |    0.5184 |    7.2183 |       0.0367 |  0.0367 |
+----+--------------------+-----------------------+------------+-------------+----------+--------+-----------+-----------+--------------+---------+
|  0 | DecisionTree       | Original              |     0.876  |      0.8771 |   0.876  | 0.8766 |    0.7043 |    4.4681 |       0.4052 |  0.4052 |
+----+--------------------+-----------------------+------------+-------------+----------+--------+-----------+-----------+--------------+---------+
|  4 | DecisionTree       | TVAE_HYBRID           |     0.7819 |      0.8135 |   0.7819 | 0.7965 |    0.5535 |    7.8477 |       0.0939 |  0.0955 |
+----+--------------------+-----------------------+------------+-------------+----------+--------+-----------+-----------+--------------+---------+
|  6 | KNN                | Anonymous             |     0.8769 |      0.8364 |   0.8769 | 0.8454 |    0.6111 |    2.1022 |       0.1363 |  0.1684 |
+----+--------------------+-----------------------+------------+-------------+----------+--------+-----------+-----------+--------------+---------+
|  7 | KNN                | CTGAN_HYBRID          |     0.8815 |      0.7869 |   0.8815 | 0.8276 |    0.5211 |    3.3357 |      -0.0016 | -0.0071 |
+----+--------------------+-----------------------+------------+-------------+----------+--------+-----------+-----------+--------------+---------+
|  8 | KNN                | GaussianCopula_HYBRID |     0.8731 |      0.7919 |   0.8731 | 0.8255 |    0.5161 |    2.5993 |      -0.0023 | -0.0041 |
+----+--------------------+-----------------------+------------+-------------+----------+--------+-----------+-----------+--------------+---------+
|  5 | KNN                | Original              |     0.8821 |      0.8614 |   0.8821 | 0.8678 |    0.753  |    1.5055 |       0.3004 |  0.3144 |
+----+--------------------+-----------------------+------------+-------------+----------+--------+-----------+-----------+--------------+---------+
|  9 | KNN                | TVAE_HYBRID           |     0.8433 |      0.8131 |   0.8433 | 0.8265 |    0.5758 |    1.9188 |       0.0888 |  0.0921 |
+----+--------------------+-----------------------+------------+-------------+----------+--------+-----------+-----------+--------------+---------+
| 11 | LogisticRegression | Anonymous             |     0.8829 |      0.8266 |   0.8829 | 0.8285 |    0.6901 |    0.3386 |       0.0027 |  0.0207 |
+----+--------------------+-----------------------+------------+-------------+----------+--------+-----------+-----------+--------------+---------+
| 12 | LogisticRegression | CTGAN_HYBRID          |     0.8829 |      0.7797 |   0.8829 | 0.8281 |    0.6362 |    0.393  |      -0.0002 | -0.0038 |
+----+--------------------+-----------------------+------------+-------------+----------+--------+-----------+-----------+--------------+---------+
| 13 | LogisticRegression | GaussianCopula_HYBRID |     0.8828 |      0.7797 |   0.8828 | 0.828  |    0.6302 |    0.3559 |      -0.0004 | -0.0054 |
+----+--------------------+-----------------------+------------+-------------+----------+--------+-----------+-----------+--------------+---------+
| 10 | LogisticRegression | Original              |     0.9009 |      0.8857 |   0.9009 | 0.8866 |    0.8977 |    0.2487 |       0.3931 |  0.4191 |
+----+--------------------+-----------------------+------------+-------------+----------+--------+-----------+-----------+--------------+---------+
| 14 | LogisticRegression | TVAE_HYBRID           |     0.8778 |      0.805  |   0.8778 | 0.8289 |    0.6085 |    0.4044 |       0.0134 |  0.0275 |
+----+--------------------+-----------------------+------------+-------------+----------+--------+-----------+-----------+--------------+---------+
| 16 | RandomForest       | Anonymous             |     0.8645 |      0.8312 |   0.8645 | 0.8435 |    0.679  |    0.8915 |       0.1575 |  0.1697 |
+----+--------------------+-----------------------+------------+-------------+----------+--------+-----------+-----------+--------------+---------+
| 17 | RandomForest       | CTGAN_HYBRID          |     0.8773 |      0.7905 |   0.8773 | 0.8265 |    0.6035 |    1.5183 |      -0.0027 | -0.0061 |
+----+--------------------+-----------------------+------------+-------------+----------+--------+-----------+-----------+--------------+---------+
| 18 | RandomForest       | GaussianCopula_HYBRID |     0.8773 |      0.7872 |   0.8773 | 0.8261 |    0.591  |    0.5033 |      -0.0055 | -0.0128 |
+----+--------------------+-----------------------+------------+-------------+----------+--------+-----------+-----------+--------------+---------+
| 15 | RandomForest       | Original              |     0.9056 |      0.8932 |   0.9056 | 0.8948 |    0.9241 |    0.2395 |       0.4457 |  0.4639 |
+----+--------------------+-----------------------+------------+-------------+----------+--------+-----------+-----------+--------------+---------+
| 19 | RandomForest       | TVAE_HYBRID           |     0.8088 |      0.8101 |   0.8088 | 0.8095 |    0.6506 |    0.975  |       0.081  |  0.081  |
+----+--------------------+-----------------------+------------+-------------+----------+--------+-----------+-----------+--------------+---------+