+----+--------------------+-----------------------+------------+-------------+----------+--------+-----------+-----------+--------------+---------+
|    | Model              | Dataset               |   Accuracy |   Precision |   Recall |     F1 |   AUC-ROC |   LogLoss |   CohenKappa |     MCC |
+====+====================+=======================+============+=============+==========+========+===========+===========+==============+=========+
|  1 | DecisionTree       | Anonymous             |     0.6739 |      0.6839 |   0.6739 | 0.6785 |    0.7273 |   11.7522 |       0.4761 |  0.4766 |
+----+--------------------+-----------------------+------------+-------------+----------+--------+-----------+-----------+--------------+---------+
|  2 | DecisionTree       | CTGAN_HYBRID          |     0.3268 |      0.3502 |   0.3268 | 0.2821 |    0.4921 |   24.2643 |      -0.0145 | -0.0179 |
+----+--------------------+-----------------------+------------+-------------+----------+--------+-----------+-----------+--------------+---------+
|  3 | DecisionTree       | GaussianCopula_HYBRID |     0.4172 |      0.4126 |   0.4172 | 0.413  |    0.5214 |   21.0074 |       0.0451 |  0.0453 |
+----+--------------------+-----------------------+------------+-------------+----------+--------+-----------+-----------+--------------+---------+
|  0 | DecisionTree       | Original              |     0.6785 |      0.6988 |   0.6785 | 0.6867 |    0.739  |   11.5893 |       0.4892 |  0.491  |
+----+--------------------+-----------------------+------------+-------------+----------+--------+-----------+-----------+--------------+---------+
|  4 | DecisionTree       | TVAE_HYBRID           |     0.5557 |      0.5732 |   0.5557 | 0.5611 |    0.6328 |   16.0134 |       0.2905 |  0.2926 |
+----+--------------------+-----------------------+------------+-------------+----------+--------+-----------+-----------+--------------+---------+
|  6 | KNN                | Anonymous             |     0.573  |      0.5474 |   0.573  | 0.5553 |    0.6696 |    5.5269 |       0.2753 |  0.2791 |
+----+--------------------+-----------------------+------------+-------------+----------+--------+-----------+-----------+--------------+---------+
|  7 | KNN                | CTGAN_HYBRID          |     0.4646 |      0.433  |   0.4646 | 0.4368 |    0.5522 |    7.3955 |       0.074  |  0.0762 |
+----+--------------------+-----------------------+------------+-------------+----------+--------+-----------+-----------+--------------+---------+
|  8 | KNN                | GaussianCopula_HYBRID |     0.4232 |      0.4179 |   0.4232 | 0.4186 |    0.5314 |    5.0254 |       0.0567 |  0.057  |
+----+--------------------+-----------------------+------------+-------------+----------+--------+-----------+-----------+--------------+---------+
|  5 | KNN                | Original              |     0.5798 |      0.5704 |   0.5798 | 0.5742 |    0.703  |    4.3475 |       0.306  |  0.3067 |
+----+--------------------+-----------------------+------------+-------------+----------+--------+-----------+-----------+--------------+---------+
|  9 | KNN                | TVAE_HYBRID           |     0.512  |      0.5037 |   0.512  | 0.4972 |    0.6357 |    7.1255 |       0.1963 |  0.2011 |
+----+--------------------+-----------------------+------------+-------------+----------+--------+-----------+-----------+--------------+---------+
| 11 | LogisticRegression | Anonymous             |     0.7402 |      0.7124 |   0.7402 | 0.7131 |    0.8337 |    0.9273 |       0.5598 |  0.5688 |
+----+--------------------+-----------------------+------------+-------------+----------+--------+-----------+-----------+--------------+---------+
| 12 | LogisticRegression | CTGAN_HYBRID          |     0.6175 |      0.5299 |   0.6175 | 0.5623 |    0.7207 |    1.0719 |       0.3548 |  0.3782 |
+----+--------------------+-----------------------+------------+-------------+----------+--------+-----------+-----------+--------------+---------+
| 13 | LogisticRegression | GaussianCopula_HYBRID |     0.555  |      0.5151 |   0.555  | 0.4856 |    0.669  |    1.0355 |       0.1746 |  0.2131 |
+----+--------------------+-----------------------+------------+-------------+----------+--------+-----------+-----------+--------------+---------+
| 10 | LogisticRegression | Original              |     0.7756 |      0.7608 |   0.7756 | 0.7619 |    0.879  |    0.5821 |       0.6209 |  0.6275 |
+----+--------------------+-----------------------+------------+-------------+----------+--------+-----------+-----------+--------------+---------+
| 14 | LogisticRegression | TVAE_HYBRID           |     0.686  |      0.6575 |   0.686  | 0.6398 |    0.7806 |    1.6124 |       0.468  |  0.4873 |
+----+--------------------+-----------------------+------------+-------------+----------+--------+-----------+-----------+--------------+---------+
| 16 | RandomForest       | Anonymous             |     0.7681 |      0.7501 |   0.7681 | 0.7524 |    0.883  |    0.5918 |       0.6078 |  0.6144 |
+----+--------------------+-----------------------+------------+-------------+----------+--------+-----------+-----------+--------------+---------+
| 17 | RandomForest       | CTGAN_HYBRID          |     0.4895 |      0.5196 |   0.4895 | 0.4359 |    0.7008 |    1.0006 |       0.196  |  0.2609 |
+----+--------------------+-----------------------+------------+-------------+----------+--------+-----------+-----------+--------------+---------+
| 18 | RandomForest       | GaussianCopula_HYBRID |     0.5369 |      0.5221 |   0.5369 | 0.4558 |    0.6519 |    0.9697 |       0.1266 |  0.1652 |
+----+--------------------+-----------------------+------------+-------------+----------+--------+-----------+-----------+--------------+---------+
| 15 | RandomForest       | Original              |     0.7764 |      0.764  |   0.7764 | 0.763  |    0.8913 |    0.5964 |       0.6212 |  0.6288 |
+----+--------------------+-----------------------+------------+-------------+----------+--------+-----------+-----------+--------------+---------+
| 19 | RandomForest       | TVAE_HYBRID           |     0.689  |      0.6442 |   0.689  | 0.637  |    0.8128 |    0.8054 |       0.4756 |  0.5009 |
+----+--------------------+-----------------------+------------+-------------+----------+--------+-----------+-----------+--------------+---------+