+----+--------------------+----------------+------------+-------------+----------+--------+-----------+-----------+--------------+--------+
|    | Model              | Dataset        |   Accuracy |   Precision |   Recall |     F1 |   AUC-ROC |   LogLoss |   CohenKappa |    MCC |
+====+====================+================+============+=============+==========+========+===========+===========+==============+========+
|  1 | DecisionTree       | CTGAN          |     0.8506 |      0.8432 |   0.8506 | 0.8467 |    0.6141 |    5.3848 |       0.2398 | 0.2404 |
+----+--------------------+----------------+------------+-------------+----------+--------+-----------+-----------+--------------+--------+
|  2 | DecisionTree       | GaussianCopula |     0.7995 |      0.8134 |   0.7995 | 0.8062 |    0.5515 |    7.2263 |       0.096  | 0.0964 |
+----+--------------------+----------------+------------+-------------+----------+--------+-----------+-----------+--------------+--------+
|  0 | DecisionTree       | Original       |     0.8743 |      0.8748 |   0.8743 | 0.8745 |    0.698  |    4.5319 |       0.3942 | 0.3942 |
+----+--------------------+----------------+------------+-------------+----------+--------+-----------+-----------+--------------+--------+
|  3 | DecisionTree       | TVAE           |     0.8447 |      0.8766 |   0.8447 | 0.8575 |    0.7317 |    5.5961 |       0.3814 | 0.392  |
+----+--------------------+----------------+------------+-------------+----------+--------+-----------+-----------+--------------+--------+
|  5 | KNN                | CTGAN          |     0.879  |      0.8362 |   0.879  | 0.8433 |    0.6518 |    2.0851 |       0.1147 | 0.1542 |
+----+--------------------+----------------+------------+-------------+----------+--------+-----------+-----------+--------------+--------+
|  6 | KNN                | GaussianCopula |     0.8787 |      0.8231 |   0.8787 | 0.8344 |    0.5893 |    2.0636 |       0.0504 | 0.0852 |
+----+--------------------+----------------+------------+-------------+----------+--------+-----------+-----------+--------------+--------+
|  4 | KNN                | Original       |     0.8821 |      0.8614 |   0.8821 | 0.8678 |    0.753  |    1.5055 |       0.3004 | 0.3144 |
+----+--------------------+----------------+------------+-------------+----------+--------+-----------+-----------+--------------+--------+
|  7 | KNN                | TVAE           |     0.8483 |      0.8672 |   0.8483 | 0.8566 |    0.7829 |    2.0114 |       0.3494 | 0.3534 |
+----+--------------------+----------------+------------+-------------+----------+--------+-----------+-----------+--------------+--------+
|  9 | LogisticRegression | CTGAN          |     0.894  |      0.8739 |   0.894  | 0.8673 |    0.7876 |    0.3095 |       0.2593 | 0.3179 |
+----+--------------------+----------------+------------+-------------+----------+--------+-----------+-----------+--------------+--------+
| 10 | LogisticRegression | GaussianCopula |     0.883  |      0.8398 |   0.883  | 0.8325 |    0.8726 |    0.3015 |       0.0295 | 0.0814 |
+----+--------------------+----------------+------------+-------------+----------+--------+-----------+-----------+--------------+--------+
|  8 | LogisticRegression | Original       |     0.9009 |      0.8857 |   0.9009 | 0.8866 |    0.8977 |    0.2487 |       0.3931 | 0.4191 |
+----+--------------------+----------------+------------+-------------+----------+--------+-----------+-----------+--------------+--------+
| 11 | LogisticRegression | TVAE           |     0.8725 |      0.8902 |   0.8725 | 0.8798 |    0.8844 |    0.4095 |       0.457  | 0.4628 |
+----+--------------------+----------------+------------+-------------+----------+--------+-----------+-----------+--------------+--------+
| 13 | RandomForest       | CTGAN          |     0.8948 |      0.8765 |   0.8948 | 0.8671 |    0.8028 |    0.3251 |       0.2558 | 0.3207 |
+----+--------------------+----------------+------------+-------------+----------+--------+-----------+-----------+--------------+--------+
| 14 | RandomForest       | GaussianCopula |     0.883  |      0.8383 |   0.883  | 0.8284 |    0.8025 |    0.3096 |       0.0014 | 0.0177 |
+----+--------------------+----------------+------------+-------------+----------+--------+-----------+-----------+--------------+--------+
| 12 | RandomForest       | Original       |     0.906  |      0.8936 |   0.906  | 0.8949 |    0.9272 |    0.2208 |       0.4444 | 0.4642 |
+----+--------------------+----------------+------------+-------------+----------+--------+-----------+-----------+--------------+--------+
| 15 | RandomForest       | TVAE           |     0.8711 |      0.89   |   0.8711 | 0.8788 |    0.8788 |    0.3567 |       0.455  | 0.4614 |
+----+--------------------+----------------+------------+-------------+----------+--------+-----------+-----------+--------------+--------+