+----+--------------------+-----------------------+------------+-------------+----------+--------+-----------+-----------+--------------+--------+
|    | Model              | Dataset               |   Accuracy |   Precision |   Recall |     F1 |   AUC-ROC |   LogLoss |   CohenKappa |    MCC |
+====+====================+=======================+============+=============+==========+========+===========+===========+==============+========+
|  1 | DecisionTree       | Anonymous             |     0.6747 |      0.6978 |   0.6747 | 0.6839 |    0.735  |   11.725  |       0.4831 | 0.4852 |
+----+--------------------+-----------------------+------------+-------------+----------+--------+-----------+-----------+--------------+--------+
|  2 | DecisionTree       | CTGAN_HYBRID          |     0.3968 |      0.397  |   0.3968 | 0.3953 |    0.5113 |   21.7402 |       0.0224 | 0.0226 |
+----+--------------------+-----------------------+------------+-------------+----------+--------+-----------+-----------+--------------+--------+
|  3 | DecisionTree       | GaussianCopula_HYBRID |     0.4255 |      0.4231 |   0.4255 | 0.4235 |    0.5254 |   20.7088 |       0.0657 | 0.0658 |
+----+--------------------+-----------------------+------------+-------------+----------+--------+-----------+-----------+--------------+--------+
|  0 | DecisionTree       | Original              |     0.6739 |      0.6913 |   0.6739 | 0.6812 |    0.7335 |   11.7522 |       0.4806 | 0.4819 |
+----+--------------------+-----------------------+------------+-------------+----------+--------+-----------+-----------+--------------+--------+
|  4 | DecisionTree       | TVAE_HYBRID           |     0.622  |      0.6236 |   0.622  | 0.6206 |    0.6789 |   13.6249 |       0.3896 | 0.3913 |
+----+--------------------+-----------------------+------------+-------------+----------+--------+-----------+-----------+--------------+--------+
|  6 | KNN                | Anonymous             |     0.5873 |      0.5685 |   0.5873 | 0.5721 |    0.678  |    5.1322 |       0.3004 | 0.3051 |
+----+--------------------+-----------------------+------------+-------------+----------+--------+-----------+-----------+--------------+--------+
|  7 | KNN                | CTGAN_HYBRID          |     0.4556 |      0.3986 |   0.4556 | 0.3937 |    0.5195 |    9.0032 |       0.0042 | 0.0049 |
+----+--------------------+-----------------------+------------+-------------+----------+--------+-----------+-----------+--------------+--------+
|  8 | KNN                | GaussianCopula_HYBRID |     0.4352 |      0.4134 |   0.4352 | 0.4206 |    0.5249 |    5.4918 |       0.0501 | 0.0506 |
+----+--------------------+-----------------------+------------+-------------+----------+--------+-----------+-----------+--------------+--------+
|  5 | KNN                | Original              |     0.5798 |      0.5704 |   0.5798 | 0.5742 |    0.703  |    4.3475 |       0.306  | 0.3067 |
+----+--------------------+-----------------------+------------+-------------+----------+--------+-----------+-----------+--------------+--------+
|  9 | KNN                | TVAE_HYBRID           |     0.57   |      0.538  |   0.57   | 0.5485 |    0.6594 |    6.0594 |       0.2685 | 0.2724 |
+----+--------------------+-----------------------+------------+-------------+----------+--------+-----------+-----------+--------------+--------+
| 11 | LogisticRegression | Anonymous             |     0.741  |      0.7183 |   0.741  | 0.7199 |    0.8167 |    0.9496 |       0.5591 | 0.5674 |
+----+--------------------+-----------------------+------------+-------------+----------+--------+-----------+-----------+--------------+--------+
| 12 | LogisticRegression | CTGAN_HYBRID          |     0.5565 |      0.457  |   0.5565 | 0.4904 |    0.5394 |    1.1913 |       0.19   | 0.2136 |
+----+--------------------+-----------------------+------------+-------------+----------+--------+-----------+-----------+--------------+--------+
| 13 | LogisticRegression | GaussianCopula_HYBRID |     0.5203 |      0.5382 |   0.5203 | 0.4232 |    0.6117 |    1.278  |       0.1119 | 0.1532 |
+----+--------------------+-----------------------+------------+-------------+----------+--------+-----------+-----------+--------------+--------+
| 10 | LogisticRegression | Original              |     0.7756 |      0.7608 |   0.7756 | 0.7619 |    0.879  |    0.5821 |       0.6209 | 0.6275 |
+----+--------------------+-----------------------+------------+-------------+----------+--------+-----------+-----------+--------------+--------+
| 14 | LogisticRegression | TVAE_HYBRID           |     0.6724 |      0.6178 |   0.6724 | 0.6261 |    0.7594 |    1.7135 |       0.4321 | 0.4468 |
+----+--------------------+-----------------------+------------+-------------+----------+--------+-----------+-----------+--------------+--------+
| 16 | RandomForest       | Anonymous             |     0.7651 |      0.747  |   0.7651 | 0.7498 |    0.8832 |    0.639  |       0.6029 | 0.6093 |
+----+--------------------+-----------------------+------------+-------------+----------+--------+-----------+-----------+--------------+--------+
| 17 | RandomForest       | CTGAN_HYBRID          |     0.619  |      0.5344 |   0.619  | 0.543  |    0.6244 |    1.0089 |       0.2876 | 0.3521 |
+----+--------------------+-----------------------+------------+-------------+----------+--------+-----------+-----------+--------------+--------+
| 18 | RandomForest       | GaussianCopula_HYBRID |     0.5459 |      0.4829 |   0.5459 | 0.4616 |    0.6548 |    0.9662 |       0.1487 | 0.1913 |
+----+--------------------+-----------------------+------------+-------------+----------+--------+-----------+-----------+--------------+--------+
| 15 | RandomForest       | Original              |     0.7786 |      0.7648 |   0.7786 | 0.762  |    0.8872 |    0.5779 |       0.6233 | 0.6325 |
+----+--------------------+-----------------------+------------+-------------+----------+--------+-----------+-----------+--------------+--------+
| 19 | RandomForest       | TVAE_HYBRID           |     0.7229 |      0.6823 |   0.7229 | 0.6857 |    0.8395 |    0.7677 |       0.5321 | 0.5452 |
+----+--------------------+-----------------------+------------+-------------+----------+--------+-----------+-----------+--------------+--------+