+----+--------------------+-----------------------+------------+-------------+----------+--------+-----------+-----------+--------------+--------+
|    | Model              | Dataset               |   Accuracy |   Precision |   Recall |     F1 |   AUC-ROC |   LogLoss |   CohenKappa |    MCC |
+====+====================+=======================+============+=============+==========+========+===========+===========+==============+========+
|  1 | DecisionTree       | Anonymous             |     0.6815 |      0.699  |   0.6815 | 0.6885 |    0.7403 |   11.4808 |       0.4918 | 0.4933 |
+----+--------------------+-----------------------+------------+-------------+----------+--------+-----------+-----------+--------------+--------+
|  2 | DecisionTree       | CTGAN_HYBRID          |     0.433  |      0.4145 |   0.433  | 0.4201 |    0.5231 |   20.4374 |       0.0538 | 0.0544 |
+----+--------------------+-----------------------+------------+-------------+----------+--------+-----------+-----------+--------------+--------+
|  3 | DecisionTree       | GaussianCopula_HYBRID |     0.4194 |      0.4229 |   0.4194 | 0.4207 |    0.5314 |   20.9259 |       0.0609 | 0.061  |
+----+--------------------+-----------------------+------------+-------------+----------+--------+-----------+-----------+--------------+--------+
|  0 | DecisionTree       | Original              |     0.6574 |      0.679  |   0.6574 | 0.6663 |    0.7204 |   12.3493 |       0.4556 | 0.4572 |
+----+--------------------+-----------------------+------------+-------------+----------+--------+-----------+-----------+--------------+--------+
|  4 | DecisionTree       | TVAE_HYBRID           |     0.5459 |      0.6084 |   0.5459 | 0.5663 |    0.6462 |   16.3662 |       0.3027 | 0.3093 |
+----+--------------------+-----------------------+------------+-------------+----------+--------+-----------+-----------+--------------+--------+
|  6 | KNN                | Anonymous             |     0.5866 |      0.5689 |   0.5866 | 0.5723 |    0.6749 |    5.3167 |       0.3004 | 0.3047 |
+----+--------------------+-----------------------+------------+-------------+----------+--------+-----------+-----------+--------------+--------+
|  7 | KNN                | CTGAN_HYBRID          |     0.4405 |      0.4304 |   0.4405 | 0.4202 |    0.5184 |    6.3923 |       0.0547 | 0.0563 |
+----+--------------------+-----------------------+------------+-------------+----------+--------+-----------+-----------+--------------+--------+
|  8 | KNN                | GaussianCopula_HYBRID |     0.4345 |      0.4136 |   0.4345 | 0.4206 |    0.5317 |    5.7877 |       0.0442 | 0.0447 |
+----+--------------------+-----------------------+------------+-------------+----------+--------+-----------+-----------+--------------+--------+
|  5 | KNN                | Original              |     0.5798 |      0.5704 |   0.5798 | 0.5742 |    0.703  |    4.3475 |       0.306  | 0.3067 |
+----+--------------------+-----------------------+------------+-------------+----------+--------+-----------+-----------+--------------+--------+
|  9 | KNN                | TVAE_HYBRID           |     0.497  |      0.4791 |   0.497  | 0.487  |    0.5944 |    6.5366 |       0.1644 | 0.1649 |
+----+--------------------+-----------------------+------------+-------------+----------+--------+-----------+-----------+--------------+--------+
| 11 | LogisticRegression | Anonymous             |     0.7402 |      0.7178 |   0.7402 | 0.719  |    0.8174 |    0.9318 |       0.5574 | 0.566  |
+----+--------------------+-----------------------+------------+-------------+----------+--------+-----------+-----------+--------------+--------+
| 12 | LogisticRegression | CTGAN_HYBRID          |     0.5324 |      0.5117 |   0.5324 | 0.4907 |    0.6396 |    1.2314 |       0.2303 | 0.2516 |
+----+--------------------+-----------------------+------------+-------------+----------+--------+-----------+-----------+--------------+--------+
| 13 | LogisticRegression | GaussianCopula_HYBRID |     0.5663 |      0.5008 |   0.5663 | 0.4734 |    0.6811 |    0.9947 |       0.1772 | 0.2445 |
+----+--------------------+-----------------------+------------+-------------+----------+--------+-----------+-----------+--------------+--------+
| 10 | LogisticRegression | Original              |     0.7756 |      0.7608 |   0.7756 | 0.7619 |    0.879  |    0.5821 |       0.6209 | 0.6275 |
+----+--------------------+-----------------------+------------+-------------+----------+--------+-----------+-----------+--------------+--------+
| 14 | LogisticRegression | TVAE_HYBRID           |     0.6476 |      0.6157 |   0.6476 | 0.6163 |    0.7404 |    1.9244 |       0.4043 | 0.4137 |
+----+--------------------+-----------------------+------------+-------------+----------+--------+-----------+-----------+--------------+--------+
| 16 | RandomForest       | Anonymous             |     0.7794 |      0.7676 |   0.7794 | 0.7663 |    0.8855 |    0.6131 |       0.6268 | 0.6338 |
+----+--------------------+-----------------------+------------+-------------+----------+--------+-----------+-----------+--------------+--------+
| 17 | RandomForest       | CTGAN_HYBRID          |     0.5527 |      0.4644 |   0.5527 | 0.502  |    0.6332 |    1.0043 |       0.2339 | 0.2467 |
+----+--------------------+-----------------------+------------+-------------+----------+--------+-----------+-----------+--------------+--------+
| 18 | RandomForest       | GaussianCopula_HYBRID |     0.5497 |      0.4815 |   0.5497 | 0.4581 |    0.6285 |    0.9819 |       0.1449 | 0.1986 |
+----+--------------------+-----------------------+------------+-------------+----------+--------+-----------+-----------+--------------+--------+
| 15 | RandomForest       | Original              |     0.7696 |      0.7543 |   0.7696 | 0.7556 |    0.8898 |    0.6481 |       0.6106 | 0.6172 |
+----+--------------------+-----------------------+------------+-------------+----------+--------+-----------+-----------+--------------+--------+
| 19 | RandomForest       | TVAE_HYBRID           |     0.7063 |      0.6754 |   0.7063 | 0.6735 |    0.8293 |    0.7934 |       0.5093 | 0.5234 |
+----+--------------------+-----------------------+------------+-------------+----------+--------+-----------+-----------+--------------+--------+