+----+--------------------+-----------------------+------------+-------------+----------+--------+-----------+-----------+--------------+--------+
|    | Model              | Dataset               |   Accuracy |   Precision |   Recall |     F1 |   AUC-ROC |   LogLoss |   CohenKappa |    MCC |
+====+====================+=======================+============+=============+==========+========+===========+===========+==============+========+
|  1 | DecisionTree       | Anonymous             |     0.68   |      0.6796 |   0.68   | 0.6797 |    0.729  |   11.0437 |       0.4801 | 0.4801 |
+----+--------------------+-----------------------+------------+-------------+----------+--------+-----------+-----------+--------------+--------+
|  2 | DecisionTree       | CTGAN_HYBRID          |     0.439  |      0.3888 |   0.439  | 0.3984 |    0.5088 |   20.2203 |       0.0177 | 0.0189 |
+----+--------------------+-----------------------+------------+-------------+----------+--------+-----------+-----------+--------------+--------+
|  3 | DecisionTree       | GaussianCopula_HYBRID |     0.4127 |      0.4185 |   0.4127 | 0.4146 |    0.522  |   21.1702 |       0.0506 | 0.0508 |
+----+--------------------+-----------------------+------------+-------------+----------+--------+-----------+-----------+--------------+--------+
|  0 | DecisionTree       | Original              |     0.6807 |      0.6997 |   0.6807 | 0.6885 |    0.7384 |   11.5079 |       0.4914 | 0.4929 |
+----+--------------------+-----------------------+------------+-------------+----------+--------+-----------+-----------+--------------+--------+
|  4 | DecisionTree       | TVAE_HYBRID           |     0.5617 |      0.6051 |   0.5617 | 0.5534 |    0.6594 |   14.7982 |       0.3114 | 0.334  |
+----+--------------------+-----------------------+------------+-------------+----------+--------+-----------+-----------+--------------+--------+
|  6 | KNN                | Anonymous             |     0.6898 |      0.6767 |   0.6898 | 0.6815 |    0.8014 |    3.5569 |       0.4846 | 0.4862 |
+----+--------------------+-----------------------+------------+-------------+----------+--------+-----------+-----------+--------------+--------+
|  7 | KNN                | CTGAN_HYBRID          |     0.4849 |      0.4181 |   0.4849 | 0.3831 |    0.5354 |    8.8625 |       0.0274 | 0.0399 |
+----+--------------------+-----------------------+------------+-------------+----------+--------+-----------+-----------+--------------+--------+
|  8 | KNN                | GaussianCopula_HYBRID |     0.4465 |      0.4071 |   0.4465 | 0.4191 |    0.5139 |    6.3439 |       0.0443 | 0.0457 |
+----+--------------------+-----------------------+------------+-------------+----------+--------+-----------+-----------+--------------+--------+
|  5 | KNN                | Original              |     0.5798 |      0.5704 |   0.5798 | 0.5742 |    0.703  |    4.3475 |       0.306  | 0.3067 |
+----+--------------------+-----------------------+------------+-------------+----------+--------+-----------+-----------+--------------+--------+
|  9 | KNN                | TVAE_HYBRID           |     0.6002 |      0.5939 |   0.6002 | 0.5869 |    0.7057 |    8.2113 |       0.3474 | 0.355  |
+----+--------------------+-----------------------+------------+-------------+----------+--------+-----------+-----------+--------------+--------+
| 11 | LogisticRegression | Anonymous             |     0.738  |      0.7079 |   0.738  | 0.7136 |    0.8604 |    0.6241 |       0.5542 | 0.5624 |
+----+--------------------+-----------------------+------------+-------------+----------+--------+-----------+-----------+--------------+--------+
| 12 | LogisticRegression | CTGAN_HYBRID          |     0.4992 |      0.2492 |   0.4992 | 0.3325 |    0.4423 |    1.1256 |       0      | 0      |
+----+--------------------+-----------------------+------------+-------------+----------+--------+-----------+-----------+--------------+--------+
| 13 | LogisticRegression | GaussianCopula_HYBRID |     0.5023 |      0.3689 |   0.5023 | 0.3474 |    0.6231 |    0.9923 |       0.0221 | 0.0598 |
+----+--------------------+-----------------------+------------+-------------+----------+--------+-----------+-----------+--------------+--------+
| 10 | LogisticRegression | Original              |     0.7756 |      0.7608 |   0.7756 | 0.7619 |    0.879  |    0.5821 |       0.6209 | 0.6275 |
+----+--------------------+-----------------------+------------+-------------+----------+--------+-----------+-----------+--------------+--------+
| 14 | LogisticRegression | TVAE_HYBRID           |     0.6529 |      0.6394 |   0.6529 | 0.6425 |    0.7716 |    1.2989 |       0.4294 | 0.4322 |
+----+--------------------+-----------------------+------------+-------------+----------+--------+-----------+-----------+--------------+--------+
| 16 | RandomForest       | Anonymous             |     0.753  |      0.7319 |   0.753  | 0.7359 |    0.8685 |    0.8055 |       0.582  | 0.5886 |
+----+--------------------+-----------------------+------------+-------------+----------+--------+-----------+-----------+--------------+--------+
| 17 | RandomForest       | CTGAN_HYBRID          |     0.5    |      0.4104 |   0.5    | 0.3343 |    0.5978 |    1.107  |       0.002  | 0.0237 |
+----+--------------------+-----------------------+------------+-------------+----------+--------+-----------+-----------+--------------+--------+
| 18 | RandomForest       | GaussianCopula_HYBRID |     0.5181 |      0.4562 |   0.5181 | 0.4396 |    0.6337 |    0.9829 |       0.1034 | 0.1274 |
+----+--------------------+-----------------------+------------+-------------+----------+--------+-----------+-----------+--------------+--------+
| 15 | RandomForest       | Original              |     0.7816 |      0.7683 |   0.7816 | 0.7686 |    0.888  |    0.6001 |       0.6313 | 0.6377 |
+----+--------------------+-----------------------+------------+-------------+----------+--------+-----------+-----------+--------------+--------+
| 19 | RandomForest       | TVAE_HYBRID           |     0.6107 |      0.6448 |   0.6107 | 0.5967 |    0.7911 |    1.8416 |       0.3794 | 0.4072 |
+----+--------------------+-----------------------+------------+-------------+----------+--------+-----------+-----------+--------------+--------+