+----+--------------------+-----------------------+------------+-------------+----------+--------+-----------+-----------+--------------+---------+
|    | Model              | Dataset               |   Accuracy |   Precision |   Recall |     F1 |   AUC-ROC |   LogLoss |   CohenKappa |     MCC |
+====+====================+=======================+============+=============+==========+========+===========+===========+==============+=========+
|  1 | DecisionTree       | Anonymous             |     0.683  |      0.7036 |   0.683  | 0.6912 |    0.7409 |   11.4265 |       0.4949 |  0.4967 |
+----+--------------------+-----------------------+------------+-------------+----------+--------+-----------+-----------+--------------+---------+
|  2 | DecisionTree       | CTGAN_HYBRID          |     0.3283 |      0.3903 |   0.3283 | 0.328  |    0.5026 |   24.21   |       0.0104 |  0.0113 |
+----+--------------------+-----------------------+------------+-------------+----------+--------+-----------+-----------+--------------+---------+
|  3 | DecisionTree       | GaussianCopula_HYBRID |     0.3788 |      0.4022 |   0.3788 | 0.3879 |    0.5123 |   22.3916 |       0.026  |  0.0262 |
+----+--------------------+-----------------------+------------+-------------+----------+--------+-----------+-----------+--------------+---------+
|  0 | DecisionTree       | Original              |     0.6679 |      0.6864 |   0.6679 | 0.6756 |    0.7286 |   11.9693 |       0.4713 |  0.4727 |
+----+--------------------+-----------------------+------------+-------------+----------+--------+-----------+-----------+--------------+---------+
|  4 | DecisionTree       | TVAE_HYBRID           |     0.6242 |      0.617  |   0.6242 | 0.6157 |    0.6768 |   13.5435 |       0.3889 |  0.3927 |
+----+--------------------+-----------------------+------------+-------------+----------+--------+-----------+-----------+--------------+---------+
|  6 | KNN                | Anonymous             |     0.5715 |      0.5522 |   0.5715 | 0.5581 |    0.6754 |    5.4766 |       0.2781 |  0.2809 |
+----+--------------------+-----------------------+------------+-------------+----------+--------+-----------+-----------+--------------+---------+
|  7 | KNN                | CTGAN_HYBRID          |     0.4623 |      0.4271 |   0.4623 | 0.4354 |    0.5466 |    6.9763 |       0.0703 |  0.0723 |
+----+--------------------+-----------------------+------------+-------------+----------+--------+-----------+-----------+--------------+---------+
|  8 | KNN                | GaussianCopula_HYBRID |     0.4014 |      0.3801 |   0.4014 | 0.3888 |    0.5143 |    4.9404 |      -0.0028 | -0.0028 |
+----+--------------------+-----------------------+------------+-------------+----------+--------+-----------+-----------+--------------+---------+
|  5 | KNN                | Original              |     0.5798 |      0.5704 |   0.5798 | 0.5742 |    0.703  |    4.3475 |       0.306  |  0.3067 |
+----+--------------------+-----------------------+------------+-------------+----------+--------+-----------+-----------+--------------+---------+
|  9 | KNN                | TVAE_HYBRID           |     0.5294 |      0.4796 |   0.5294 | 0.4876 |    0.6179 |    8.0457 |       0.1674 |  0.1771 |
+----+--------------------+-----------------------+------------+-------------+----------+--------+-----------+-----------+--------------+---------+
| 11 | LogisticRegression | Anonymous             |     0.7462 |      0.7251 |   0.7462 | 0.7294 |    0.8362 |    0.9085 |       0.573  |  0.578  |
+----+--------------------+-----------------------+------------+-------------+----------+--------+-----------+-----------+--------------+---------+
| 12 | LogisticRegression | CTGAN_HYBRID          |     0.6363 |      0.5822 |   0.6363 | 0.575  |    0.6945 |    0.9593 |       0.3619 |  0.381  |
+----+--------------------+-----------------------+------------+-------------+----------+--------+-----------+-----------+--------------+---------+
| 13 | LogisticRegression | GaussianCopula_HYBRID |     0.5655 |      0.546  |   0.5655 | 0.4923 |    0.6885 |    0.9853 |       0.1917 |  0.2436 |
+----+--------------------+-----------------------+------------+-------------+----------+--------+-----------+-----------+--------------+---------+
| 10 | LogisticRegression | Original              |     0.7756 |      0.7608 |   0.7756 | 0.7619 |    0.879  |    0.5821 |       0.6209 |  0.6275 |
+----+--------------------+-----------------------+------------+-------------+----------+--------+-----------+-----------+--------------+---------+
| 14 | LogisticRegression | TVAE_HYBRID           |     0.6792 |      0.6537 |   0.6792 | 0.6552 |    0.785  |    1.86   |       0.4626 |  0.47   |
+----+--------------------+-----------------------+------------+-------------+----------+--------+-----------+-----------+--------------+---------+
| 16 | RandomForest       | Anonymous             |     0.7718 |      0.7552 |   0.7718 | 0.7563 |    0.8833 |    0.6133 |       0.6136 |  0.6209 |
+----+--------------------+-----------------------+------------+-------------+----------+--------+-----------+-----------+--------------+---------+
| 17 | RandomForest       | CTGAN_HYBRID          |     0.5023 |      0.4743 |   0.5023 | 0.4574 |    0.6469 |    1.0131 |       0.1927 |  0.2234 |
+----+--------------------+-----------------------+------------+-------------+----------+--------+-----------+-----------+--------------+---------+
| 18 | RandomForest       | GaussianCopula_HYBRID |     0.5331 |      0.4752 |   0.5331 | 0.4496 |    0.6202 |    0.9848 |       0.1226 |  0.1548 |
+----+--------------------+-----------------------+------------+-------------+----------+--------+-----------+-----------+--------------+---------+
| 15 | RandomForest       | Original              |     0.7726 |      0.7563 |   0.7726 | 0.757  |    0.8873 |    0.5784 |       0.6149 |  0.6221 |
+----+--------------------+-----------------------+------------+-------------+----------+--------+-----------+-----------+--------------+---------+
| 19 | RandomForest       | TVAE_HYBRID           |     0.7176 |      0.6691 |   0.7176 | 0.6686 |    0.8337 |    0.7087 |       0.5161 |  0.5335 |
+----+--------------------+-----------------------+------------+-------------+----------+--------+-----------+-----------+--------------+---------+