+----+--------------------+-----------------------+------------+-------------+----------+--------+-----------+-----------+--------------+--------+
|    | Model              | Dataset               |   Accuracy |   Precision |   Recall |     F1 |   AUC-ROC |   LogLoss |   CohenKappa |    MCC |
+====+====================+=======================+============+=============+==========+========+===========+===========+==============+========+
|  1 | DecisionTree       | Anonymous             |     0.6732 |      0.6902 |   0.6732 | 0.6803 |    0.7325 |   11.7793 |       0.4791 | 0.4803 |
+----+--------------------+-----------------------+------------+-------------+----------+--------+-----------+-----------+--------------+--------+
|  2 | DecisionTree       | CTGAN_HYBRID          |     0.5444 |      0.5315 |   0.5444 | 0.535  |    0.6138 |   16.4205 |       0.2566 | 0.2583 |
+----+--------------------+-----------------------+------------+-------------+----------+--------+-----------+-----------+--------------+--------+
|  3 | DecisionTree       | GaussianCopula_HYBRID |     0.4352 |      0.4327 |   0.4352 | 0.4328 |    0.5315 |   20.356  |       0.0799 | 0.0802 |
+----+--------------------+-----------------------+------------+-------------+----------+--------+-----------+-----------+--------------+--------+
|  0 | DecisionTree       | Original              |     0.6807 |      0.6995 |   0.6807 | 0.6884 |    0.74   |   11.5079 |       0.4922 | 0.4937 |
+----+--------------------+-----------------------+------------+-------------+----------+--------+-----------+-----------+--------------+--------+
|  4 | DecisionTree       | TVAE_HYBRID           |     0.5956 |      0.632  |   0.5956 | 0.6084 |    0.6742 |   14.5749 |       0.3667 | 0.3705 |
+----+--------------------+-----------------------+------------+-------------+----------+--------+-----------+-----------+--------------+--------+
|  6 | KNN                | Anonymous             |     0.5873 |      0.5685 |   0.5873 | 0.5721 |    0.678  |    5.1322 |       0.3004 | 0.3051 |
+----+--------------------+-----------------------+------------+-------------+----------+--------+-----------+-----------+--------------+--------+
|  7 | KNN                | CTGAN_HYBRID          |     0.4684 |      0.4491 |   0.4684 | 0.4544 |    0.5572 |    6.8892 |       0.1155 | 0.1169 |
+----+--------------------+-----------------------+------------+-------------+----------+--------+-----------+-----------+--------------+--------+
|  8 | KNN                | GaussianCopula_HYBRID |     0.4352 |      0.4134 |   0.4352 | 0.4206 |    0.5249 |    5.4918 |       0.0501 | 0.0506 |
+----+--------------------+-----------------------+------------+-------------+----------+--------+-----------+-----------+--------------+--------+
|  5 | KNN                | Original              |     0.5798 |      0.5704 |   0.5798 | 0.5742 |    0.703  |    4.3475 |       0.306  | 0.3067 |
+----+--------------------+-----------------------+------------+-------------+----------+--------+-----------+-----------+--------------+--------+
|  9 | KNN                | TVAE_HYBRID           |     0.5489 |      0.5147 |   0.5489 | 0.526  |    0.6445 |    7.03   |       0.2328 | 0.2363 |
+----+--------------------+-----------------------+------------+-------------+----------+--------+-----------+-----------+--------------+--------+
| 11 | LogisticRegression | Anonymous             |     0.741  |      0.7183 |   0.741  | 0.7199 |    0.8167 |    0.9496 |       0.5591 | 0.5674 |
+----+--------------------+-----------------------+------------+-------------+----------+--------+-----------+-----------+--------------+--------+
| 12 | LogisticRegression | CTGAN_HYBRID          |     0.5919 |      0.5273 |   0.5919 | 0.5412 |    0.6984 |    1.1899 |       0.3234 | 0.3533 |
+----+--------------------+-----------------------+------------+-------------+----------+--------+-----------+-----------+--------------+--------+
| 13 | LogisticRegression | GaussianCopula_HYBRID |     0.5203 |      0.5382 |   0.5203 | 0.4232 |    0.6117 |    1.278  |       0.1119 | 0.1532 |
+----+--------------------+-----------------------+------------+-------------+----------+--------+-----------+-----------+--------------+--------+
| 10 | LogisticRegression | Original              |     0.7756 |      0.7608 |   0.7756 | 0.7619 |    0.879  |    0.5821 |       0.6209 | 0.6275 |
+----+--------------------+-----------------------+------------+-------------+----------+--------+-----------+-----------+--------------+--------+
| 14 | LogisticRegression | TVAE_HYBRID           |     0.6883 |      0.647  |   0.6883 | 0.6574 |    0.7702 |    1.6694 |       0.4693 | 0.4776 |
+----+--------------------+-----------------------+------------+-------------+----------+--------+-----------+-----------+--------------+--------+
| 16 | RandomForest       | Anonymous             |     0.7809 |      0.7686 |   0.7809 | 0.7676 |    0.8851 |    0.6137 |       0.6293 | 0.6364 |
+----+--------------------+-----------------------+------------+-------------+----------+--------+-----------+-----------+--------------+--------+
| 17 | RandomForest       | CTGAN_HYBRID          |     0.634  |      0.6039 |   0.634  | 0.5784 |    0.725  |    0.8907 |       0.3829 | 0.4086 |
+----+--------------------+-----------------------+------------+-------------+----------+--------+-----------+-----------+--------------+--------+
| 18 | RandomForest       | GaussianCopula_HYBRID |     0.5595 |      0.496  |   0.5595 | 0.486  |    0.6707 |    0.9573 |       0.1835 | 0.2226 |
+----+--------------------+-----------------------+------------+-------------+----------+--------+-----------+-----------+--------------+--------+
| 15 | RandomForest       | Original              |     0.7726 |      0.7565 |   0.7726 | 0.757  |    0.8877 |    0.599  |       0.6148 | 0.6221 |
+----+--------------------+-----------------------+------------+-------------+----------+--------+-----------+-----------+--------------+--------+
| 19 | RandomForest       | TVAE_HYBRID           |     0.7086 |      0.6625 |   0.7086 | 0.6728 |    0.8346 |    0.7128 |       0.5105 | 0.5222 |
+----+--------------------+-----------------------+------------+-------------+----------+--------+-----------+-----------+--------------+--------+