+----+--------------------+-----------------------+------------+-------------+----------+--------+-----------+-----------+--------------+---------+
|    | Model              | Dataset               |   Accuracy |   Precision |   Recall |     F1 |   AUC-ROC |   LogLoss |   CohenKappa |     MCC |
+====+====================+=======================+============+=============+==========+========+===========+===========+==============+=========+
|  1 | DecisionTree       | Anonymous             |     0.6672 |      0.6668 |   0.6672 | 0.6669 |    0.7185 |   11.5317 |       0.4595 |  0.4596 |
+----+--------------------+-----------------------+------------+-------------+----------+--------+-----------+-----------+--------------+---------+
|  2 | DecisionTree       | CTGAN_HYBRID          |     0.384  |      0.3759 |   0.384  | 0.3795 |    0.4916 |   22.2016 |      -0.0136 | -0.0136 |
+----+--------------------+-----------------------+------------+-------------+----------+--------+-----------+-----------+--------------+---------+
|  3 | DecisionTree       | GaussianCopula_HYBRID |     0.3599 |      0.3968 |   0.3599 | 0.3681 |    0.5097 |   23.0701 |       0.0176 |  0.0181 |
+----+--------------------+-----------------------+------------+-------------+----------+--------+-----------+-----------+--------------+---------+
|  0 | DecisionTree       | Original              |     0.6739 |      0.6947 |   0.6739 | 0.6825 |    0.734  |   11.7522 |       0.4818 |  0.4835 |
+----+--------------------+-----------------------+------------+-------------+----------+--------+-----------+-----------+--------------+---------+
|  4 | DecisionTree       | TVAE_HYBRID           |     0.5776 |      0.6321 |   0.5776 | 0.5789 |    0.6811 |   13.9419 |       0.3412 |  0.3603 |
+----+--------------------+-----------------------+------------+-------------+----------+--------+-----------+-----------+--------------+---------+
|  6 | KNN                | Anonymous             |     0.6935 |      0.6779 |   0.6935 | 0.683  |    0.793  |    3.5483 |       0.4881 |  0.4906 |
+----+--------------------+-----------------------+------------+-------------+----------+--------+-----------+-----------+--------------+---------+
|  7 | KNN                | CTGAN_HYBRID          |     0.4029 |      0.3719 |   0.4029 | 0.3705 |    0.4728 |    6.2136 |      -0.0442 | -0.0461 |
+----+--------------------+-----------------------+------------+-------------+----------+--------+-----------+-----------+--------------+---------+
|  8 | KNN                | GaussianCopula_HYBRID |     0.5196 |      0.4855 |   0.5196 | 0.4941 |    0.5592 |    5.7273 |       0.1727 |  0.1773 |
+----+--------------------+-----------------------+------------+-------------+----------+--------+-----------+-----------+--------------+---------+
|  5 | KNN                | Original              |     0.5798 |      0.5704 |   0.5798 | 0.5742 |    0.703  |    4.3475 |       0.306  |  0.3067 |
+----+--------------------+-----------------------+------------+-------------+----------+--------+-----------+-----------+--------------+---------+
|  9 | KNN                | TVAE_HYBRID           |     0.552  |      0.5548 |   0.552  | 0.5398 |    0.6805 |    8.4755 |       0.2772 |  0.2866 |
+----+--------------------+-----------------------+------------+-------------+----------+--------+-----------+-----------+--------------+---------+
| 11 | LogisticRegression | Anonymous             |     0.7417 |      0.7135 |   0.7417 | 0.7053 |    0.857  |    0.6375 |       0.5578 |  0.5715 |
+----+--------------------+-----------------------+------------+-------------+----------+--------+-----------+-----------+--------------+---------+
| 12 | LogisticRegression | CTGAN_HYBRID          |     0.5008 |      0.5712 |   0.5008 | 0.3358 |    0.4271 |    1.0609 |       0.0035 |  0.0412 |
+----+--------------------+-----------------------+------------+-------------+----------+--------+-----------+-----------+--------------+---------+
| 13 | LogisticRegression | GaussianCopula_HYBRID |     0.506  |      0.5024 |   0.506  | 0.3695 |    0.6277 |    0.9906 |       0.0483 |  0.0924 |
+----+--------------------+-----------------------+------------+-------------+----------+--------+-----------+-----------+--------------+---------+
| 10 | LogisticRegression | Original              |     0.7756 |      0.7608 |   0.7756 | 0.7619 |    0.879  |    0.5821 |       0.6209 |  0.6275 |
+----+--------------------+-----------------------+------------+-------------+----------+--------+-----------+-----------+--------------+---------+
| 14 | LogisticRegression | TVAE_HYBRID           |     0.6792 |      0.6519 |   0.6792 | 0.6552 |    0.7991 |    1.1165 |       0.4654 |  0.4733 |
+----+--------------------+-----------------------+------------+-------------+----------+--------+-----------+-----------+--------------+---------+
| 16 | RandomForest       | Anonymous             |     0.7485 |      0.7275 |   0.7485 | 0.7292 |    0.8643 |    0.7432 |       0.5735 |  0.5807 |
+----+--------------------+-----------------------+------------+-------------+----------+--------+-----------+-----------+--------------+---------+
| 17 | RandomForest       | CTGAN_HYBRID          |     0.4488 |      0.3912 |   0.4488 | 0.3773 |    0.4908 |    1.0586 |      -0.0217 | -0.0256 |
+----+--------------------+-----------------------+------------+-------------+----------+--------+-----------+-----------+--------------+---------+
| 18 | RandomForest       | GaussianCopula_HYBRID |     0.552  |      0.4869 |   0.552  | 0.5079 |    0.6361 |    0.9843 |       0.2228 |  0.2311 |
+----+--------------------+-----------------------+------------+-------------+----------+--------+-----------+-----------+--------------+---------+
| 15 | RandomForest       | Original              |     0.7779 |      0.7642 |   0.7779 | 0.7609 |    0.8915 |    0.5955 |       0.6218 |  0.6312 |
+----+--------------------+-----------------------+------------+-------------+----------+--------+-----------+-----------+--------------+---------+
| 19 | RandomForest       | TVAE_HYBRID           |     0.613  |      0.6248 |   0.613  | 0.5901 |    0.7923 |    1.9345 |       0.3766 |  0.4043 |
+----+--------------------+-----------------------+------------+-------------+----------+--------+-----------+-----------+--------------+---------+