+----+--------------------+-----------------------+------------+-------------+----------+--------+-----------+-----------+--------------+---------+
|    | Model              | Dataset               |   Accuracy |   Precision |   Recall |     F1 |   AUC-ROC |   LogLoss |   CohenKappa |     MCC |
+====+====================+=======================+============+=============+==========+========+===========+===========+==============+=========+
|  1 | DecisionTree       | Anonymous             |     0.8137 |      0.832  |   0.8137 | 0.8222 |    0.6017 |    6.7162 |       0.1841 |  0.1856 |
+----+--------------------+-----------------------+------------+-------------+----------+--------+-----------+-----------+--------------+---------+
|  2 | DecisionTree       | CTGAN_HYBRID          |     0.8334 |      0.8239 |   0.8334 | 0.8285 |    0.5695 |    6.0066 |       0.1469 |  0.1473 |
+----+--------------------+-----------------------+------------+-------------+----------+--------+-----------+-----------+--------------+---------+
|  3 | DecisionTree       | GaussianCopula_HYBRID |     0.8036 |      0.8096 |   0.8036 | 0.8065 |    0.5403 |    7.0788 |       0.0782 |  0.0783 |
+----+--------------------+-----------------------+------------+-------------+----------+--------+-----------+-----------+--------------+---------+
|  0 | DecisionTree       | Original              |     0.8315 |      0.8394 |   0.8315 | 0.8353 |    0.6164 |    6.0744 |       0.222  |  0.2224 |
+----+--------------------+-----------------------+------------+-------------+----------+--------+-----------+-----------+--------------+---------+
|  4 | DecisionTree       | TVAE_HYBRID           |     0.7908 |      0.8271 |   0.7908 | 0.807  |    0.5933 |    7.5412 |       0.1556 |  0.1594 |
+----+--------------------+-----------------------+------------+-------------+----------+--------+-----------+-----------+--------------+---------+
|  6 | KNN                | Anonymous             |     0.8766 |      0.8354 |   0.8766 | 0.8448 |    0.6049 |    2.098  |       0.1324 |  0.1641 |
+----+--------------------+-----------------------+------------+-------------+----------+--------+-----------+-----------+--------------+---------+
|  7 | KNN                | CTGAN_HYBRID          |     0.8782 |      0.8276 |   0.8782 | 0.8374 |    0.5798 |    2.6588 |       0.0728 |  0.1098 |
+----+--------------------+-----------------------+------------+-------------+----------+--------+-----------+-----------+--------------+---------+
|  8 | KNN                | GaussianCopula_HYBRID |     0.8774 |      0.7998 |   0.8774 | 0.8279 |    0.5217 |    2.7046 |       0.0071 |  0.0149 |
+----+--------------------+-----------------------+------------+-------------+----------+--------+-----------+-----------+--------------+---------+
|  5 | KNN                | Original              |     0.8779 |      0.8378 |   0.8779 | 0.8459 |    0.6105 |    2.1223 |       0.1376 |  0.172  |
+----+--------------------+-----------------------+------------+-------------+----------+--------+-----------+-----------+--------------+---------+
|  9 | KNN                | TVAE_HYBRID           |     0.8419 |      0.81   |   0.8419 | 0.8242 |    0.5965 |    2.5002 |       0.0745 |  0.0775 |
+----+--------------------+-----------------------+------------+-------------+----------+--------+-----------+-----------+--------------+---------+
| 11 | LogisticRegression | Anonymous             |     0.8927 |      0.8717 |   0.8927 | 0.8643 |    0.7486 |    0.3104 |       0.2395 |  0.3014 |
+----+--------------------+-----------------------+------------+-------------+----------+--------+-----------+-----------+--------------+---------+
| 12 | LogisticRegression | CTGAN_HYBRID          |     0.8932 |      0.8723 |   0.8932 | 0.866  |    0.7055 |    0.3398 |       0.2517 |  0.3101 |
+----+--------------------+-----------------------+------------+-------------+----------+--------+-----------+-----------+--------------+---------+
| 13 | LogisticRegression | GaussianCopula_HYBRID |     0.8829 |      0.7797 |   0.8829 | 0.8281 |    0.7338 |    0.3373 |      -0.0002 | -0.0038 |
+----+--------------------+-----------------------+------------+-------------+----------+--------+-----------+-----------+--------------+---------+
| 10 | LogisticRegression | Original              |     0.8944 |      0.8763 |   0.8944 | 0.8652 |    0.7584 |    0.3059 |       0.2427 |  0.3121 |
+----+--------------------+-----------------------+------------+-------------+----------+--------+-----------+-----------+--------------+---------+
| 14 | LogisticRegression | TVAE_HYBRID           |     0.8607 |      0.8389 |   0.8607 | 0.8479 |    0.7192 |    0.4617 |       0.2089 |  0.2144 |
+----+--------------------+-----------------------+------------+-------------+----------+--------+-----------+-----------+--------------+---------+
| 16 | RandomForest       | Anonymous             |     0.8941 |      0.8735 |   0.8941 | 0.8712 |    0.7736 |    0.3752 |       0.2899 |  0.3353 |
+----+--------------------+-----------------------+------------+-------------+----------+--------+-----------+-----------+--------------+---------+
| 17 | RandomForest       | CTGAN_HYBRID          |     0.8925 |      0.8713 |   0.8925 | 0.8636 |    0.7028 |    0.4643 |       0.2352 |  0.2979 |
+----+--------------------+-----------------------+------------+-------------+----------+--------+-----------+-----------+--------------+---------+
| 18 | RandomForest       | GaussianCopula_HYBRID |     0.883  |      0.7797 |   0.883  | 0.8281 |    0.6412 |    0.3571 |       0      |  0      |
+----+--------------------+-----------------------+------------+-------------+----------+--------+-----------+-----------+--------------+---------+
| 15 | RandomForest       | Original              |     0.8933 |      0.8721 |   0.8933 | 0.8705 |    0.7869 |    0.3639 |       0.2859 |  0.33   |
+----+--------------------+-----------------------+------------+-------------+----------+--------+-----------+-----------+--------------+---------+
| 19 | RandomForest       | TVAE_HYBRID           |     0.8869 |      0.8603 |   0.8869 | 0.8627 |    0.7269 |    0.6776 |       0.243  |  0.2805 |
+----+--------------------+-----------------------+------------+-------------+----------+--------+-----------+-----------+--------------+---------+