+----+--------------------+-----------------------+------------+-------------+----------+--------+-----------+-----------+--------------+---------+
|    | Model              | Dataset               |   Accuracy |   Precision |   Recall |     F1 |   AUC-ROC |   LogLoss |   CohenKappa |     MCC |
+====+====================+=======================+============+=============+==========+========+===========+===========+==============+=========+
|  1 | DecisionTree       | Anonymous             |     0.6762 |      0.6798 |   0.6762 | 0.6779 |    0.7287 |   11.206  |       0.4765 |  0.4765 |
+----+--------------------+-----------------------+------------+-------------+----------+--------+-----------+-----------+--------------+---------+
|  2 | DecisionTree       | CTGAN_HYBRID          |     0.3336 |      0.3474 |   0.3336 | 0.3303 |    0.4663 |   24.0201 |      -0.0657 | -0.0679 |
+----+--------------------+-----------------------+------------+-------------+----------+--------+-----------+-----------+--------------+---------+
|  3 | DecisionTree       | GaussianCopula_HYBRID |     0.4511 |      0.4387 |   0.4511 | 0.4438 |    0.5399 |   19.786  |       0.0935 |  0.0938 |
+----+--------------------+-----------------------+------------+-------------+----------+--------+-----------+-----------+--------------+---------+
|  0 | DecisionTree       | Original              |     0.686  |      0.7042 |   0.686  | 0.6935 |    0.7431 |   11.3179 |       0.4997 |  0.5012 |
+----+--------------------+-----------------------+------------+-------------+----------+--------+-----------+-----------+--------------+---------+
|  4 | DecisionTree       | TVAE_HYBRID           |     0.5316 |      0.5825 |   0.5316 | 0.5229 |    0.6468 |   15.1143 |       0.2705 |  0.2933 |
+----+--------------------+-----------------------+------------+-------------+----------+--------+-----------+-----------+--------------+---------+
|  6 | KNN                | Anonymous             |     0.6928 |      0.6801 |   0.6928 | 0.6848 |    0.8016 |    3.5803 |       0.4898 |  0.4913 |
+----+--------------------+-----------------------+------------+-------------+----------+--------+-----------+-----------+--------------+---------+
|  7 | KNN                | CTGAN_HYBRID          |     0.4578 |      0.4148 |   0.4578 | 0.3975 |    0.5224 |    6.9833 |       0.0267 |  0.0312 |
+----+--------------------+-----------------------+------------+-------------+----------+--------+-----------+-----------+--------------+---------+
|  8 | KNN                | GaussianCopula_HYBRID |     0.427  |      0.4082 |   0.427  | 0.4158 |    0.5361 |    5.0038 |       0.04   |  0.0403 |
+----+--------------------+-----------------------+------------+-------------+----------+--------+-----------+-----------+--------------+---------+
|  5 | KNN                | Original              |     0.5798 |      0.5704 |   0.5798 | 0.5742 |    0.703  |    4.3475 |       0.306  |  0.3067 |
+----+--------------------+-----------------------+------------+-------------+----------+--------+-----------+-----------+--------------+---------+
|  9 | KNN                | TVAE_HYBRID           |     0.5505 |      0.5611 |   0.5505 | 0.5293 |    0.6808 |    9.7612 |       0.2758 |  0.2946 |
+----+--------------------+-----------------------+------------+-------------+----------+--------+-----------+-----------+--------------+---------+
| 11 | LogisticRegression | Anonymous             |     0.7395 |      0.7115 |   0.7395 | 0.7167 |    0.8597 |    0.6294 |       0.5569 |  0.5649 |
+----+--------------------+-----------------------+------------+-------------+----------+--------+-----------+-----------+--------------+---------+
| 12 | LogisticRegression | CTGAN_HYBRID          |     0.4977 |      0.2489 |   0.4977 | 0.3318 |    0.5741 |    1.0835 |      -0.0023 | -0.0263 |
+----+--------------------+-----------------------+------------+-------------+----------+--------+-----------+-----------+--------------+---------+
| 13 | LogisticRegression | GaussianCopula_HYBRID |     0.5422 |      0.4941 |   0.5422 | 0.4291 |    0.6868 |    0.9645 |       0.1103 |  0.1928 |
+----+--------------------+-----------------------+------------+-------------+----------+--------+-----------+-----------+--------------+---------+
| 10 | LogisticRegression | Original              |     0.7756 |      0.7608 |   0.7756 | 0.7619 |    0.879  |    0.5821 |       0.6209 |  0.6275 |
+----+--------------------+-----------------------+------------+-------------+----------+--------+-----------+-----------+--------------+---------+
| 14 | LogisticRegression | TVAE_HYBRID           |     0.6303 |      0.6382 |   0.6303 | 0.6155 |    0.762  |    1.4695 |       0.4021 |  0.4184 |
+----+--------------------+-----------------------+------------+-------------+----------+--------+-----------+-----------+--------------+---------+
| 16 | RandomForest       | Anonymous             |     0.7545 |      0.7362 |   0.7545 | 0.7388 |    0.8707 |    0.8514 |       0.5848 |  0.5912 |
+----+--------------------+-----------------------+------------+-------------+----------+--------+-----------+-----------+--------------+---------+
| 17 | RandomForest       | CTGAN_HYBRID          |     0.4872 |      0.3839 |   0.4872 | 0.3318 |    0.5603 |    1.0692 |      -0.012  | -0.0388 |
+----+--------------------+-----------------------+------------+-------------+----------+--------+-----------+-----------+--------------+---------+
| 18 | RandomForest       | GaussianCopula_HYBRID |     0.5392 |      0.4607 |   0.5392 | 0.4728 |    0.6306 |    1.0095 |       0.1595 |  0.1787 |
+----+--------------------+-----------------------+------------+-------------+----------+--------+-----------+-----------+--------------+---------+
| 15 | RandomForest       | Original              |     0.7794 |      0.7651 |   0.7794 | 0.7638 |    0.8881 |    0.6019 |       0.6258 |  0.6337 |
+----+--------------------+-----------------------+------------+-------------+----------+--------+-----------+-----------+--------------+---------+
| 19 | RandomForest       | TVAE_HYBRID           |     0.5941 |      0.6376 |   0.5941 | 0.5771 |    0.795  |    1.8517 |       0.3541 |  0.3884 |
+----+--------------------+-----------------------+------------+-------------+----------+--------+-----------+-----------+--------------+---------+