Loan_ID_0,Loan_ID_1,Loan_ID_2,Loan_ID_3,Loan_ID_4,Loan_ID_5,Loan_ID_6,Loan_ID_7,Loan_ID_8,Gender_0,Gender_1,Married_0,Married_1,Dependents_0,Dependents_1,Dependents_2,Education_0,Education_1,Self_Employed_0,Self_Employed_1,ApplicantIncome,CoapplicantIncome,LoanAmount,Loan_Amount_Term,Credit_History,Property_Area_0,Property_Area_1,Loan_Status
1,1,0,0,1,0,0,1,1,0,1,0,1,0,0,1,0,1,0,1,2808,133.92080792,96.0,360.0,1.0,1,1,Y
0,0,0,0,1,0,1,0,0,0,1,1,0,0,1,0,0,1,0,1,4109,0.0,165.0,360.0,1.0,1,1,Y
0,0,0,0,1,1,0,1,1,0,1,0,1,0,0,1,0,1,0,1,3807,204.72679714,159.0,360.0,1.0,1,1,Y
0,0,0,0,1,0,0,1,0,0,1,0,1,0,1,0,0,1,0,1,4152,0.10188681,144.0,360.0,1.0,1,1,Y
1,0,0,0,1,1,0,0,1,0,1,0,1,0,1,0,0,1,0,1,3017,41.15910601,129.0,360.0,1.0,1,1,Y
1,1,0,0,1,1,1,1,1,0,1,0,1,0,1,0,0,1,0,1,3785,109.3078087,161.0,360.0,1.0,0,1,N
0,0,0,0,1,1,0,1,1,0,1,0,1,0,0,1,0,1,0,1,3894,1422.87558801,130.0,360.0,1.0,1,1,Y
1,0,0,1,1,0,0,0,0,0,1,1,0,0,1,0,0,1,0,1,4544,0.0,155.0,360.0,1.0,1,1,Y
0,0,0,0,0,0,0,0,1,0,1,0,1,0,1,0,0,1,0,1,3576,182.83686169,109.0,360.0,1.0,1,1,Y
0,0,0,1,1,0,1,1,0,0,1,0,1,0,1,0,0,1,0,1,3817,0.0,112.0,360.0,1.0,1,0,Y
1,0,0,0,1,0,0,1,1,0,1,0,1,0,1,0,0,1,0,1,3331,0.0,121.0,360.0,1.0,1,1,Y
0,0,1,0,1,1,1,1,1,0,1,0,1,0,1,1,0,1,0,1,5991,1812.41525524,167.0,360.0,1.0,1,1,Y
0,0,0,0,0,0,1,1,1,0,1,1,0,0,1,0,0,1,0,1,2652,0.0,102.0,360.0,1.0,1,1,Y
0,0,1,0,0,1,1,0,1,0,1,0,1,0,1,0,0,1,0,1,3490,1741.88787551,110.0,360.0,1.0,1,1,Y
0,0,0,0,0,0,1,1,1,0,1,0,1,0,1,0,0,1,0,1,3497,155.76885428,92.0,360.0,1.0,1,1,Y
0,0,1,0,1,0,1,0,0,0,1,1,0,0,1,0,0,1,0,1,3692,0.0,83.0,360.0,1.0,1,1,Y
0,0,0,1,0,0,0,1,1,0,1,0,1,0,0,1,0,1,0,1,2946,0.0,103.0,360.0,1.0,1,1,Y
1,0,0,0,0,1,1,0,1,0,1,1,0,0,1,0,0,1,0,1,2510,44.18661356,120.0,360.0,1.0,1,1,N
1,1,1,0,1,1,1,1,0,0,1,0,1,0,1,0,0,1,0,1,3478,1743.28693316,141.0,360.0,1.0,0,1,Y
0,0,1,0,1,1,1,1,0,0,1,0,1,0,1,1,0,1,0,1,3510,1706.14692324,69.0,360.0,1.0,1,0,Y
1,0,0,0,0,0,1,0,1,0,1,1,0,0,1,0,0,1,0,1,3513,0.0,130.0,360.0,1.0,1,1,Y
0,0,1,0,1,1,1,1,1,0,1,0,1,0,1,0,0,1,0,1,3301,0.0,178.0,360.0,1.0,1,1,Y
1,1,0,0,0,0,0,0,1,0,1,1,0,0,1,0,0,1,0,1,4143,0.0,96.0,360.0,1.0,1,1,N
0,0,0,1,1,0,1,0,0,1,1,1,0,0,1,0,0,1,0,1,3869,0.0,142.0,360.0,1.0,1,1,Y
1,1,0,1,1,0,0,1,1,0,1,0,1,0,1,0,0,1,1,0,1624,373.89300393,124.0,360.0,1.0,1,1,Y
0,0,0,1,0,0,0,0,1,0,1,0,1,0,1,0,0,1,0,1,3770,156.47702427,129.0,360.0,1.0,1,0,Y
1,1,1,0,1,1,1,1,1,0,1,0,1,0,1,0,0,1,0,1,3836,2673.43326407,146.0,360.0,1.0,0,1,N
1,1,0,0,0,1,1,0,1,0,1,0,1,0,1,0,0,1,0,1,3297,2179.04448455,156.0,360.0,1.0,0,1,N
1,0,0,0,0,1,1,0,1,0,1,1,0,0,1,0,0,1,0,1,2735,2454.6533772,102.0,360.0,1.0,1,1,Y
0,0,0,0,1,0,1,0,0,0,0,1,0,0,1,0,0,1,0,1,2396,52.0504208,103.0,360.0,1.0,1,1,Y
1,1,0,0,1,0,1,1,1,0,1,0,1,0,1,0,0,1,0,1,4522,304.43582715,134.0,360.0,1.0,1,1,Y
1,1,0,0,0,1,1,1,1,0,1,0,1,0,1,0,0,1,0,1,2684,2499.62416406,130.0,360.0,1.0,1,1,Y
0,0,0,1,1,0,0,1,1,0,1,0,1,0,0,1,0,1,0,1,3103,0.0,114.0,360.0,1.0,1,0,Y
0,0,0,0,1,0,1,1,0,0,1,0,1,0,1,0,0,1,0,1,2318,1520.62964092,134.0,360.0,1.0,1,1,Y
1,0,0,0,0,0,1,0,0,0,1,1,0,0,1,0,0,1,0,1,2174,155.9974689,152.0,360.0,1.0,1,1,Y
0,0,0,1,1,0,0,1,1,0,1,0,1,0,0,1,0,1,0,1,5195,0.0,122.0,360.0,1.0,1,1,Y
1,1,0,0,1,0,0,0,1,0,1,1,0,0,1,0,0,1,0,1,3665,20.10302485,97.0,360.0,1.0,1,1,Y
0,0,1,1,0,0,1,0,0,0,1,0,1,0,1,0,0,1,0,1,3182,1.16143206,156.0,360.0,1.0,1,0,Y
0,0,1,0,0,1,1,0,0,0,1,1,0,0,1,0,0,1,0,1,2408,1505.40937281,93.0,360.0,1.0,1,1,Y
0,0,0,0,1,0,1,1,0,0,1,0,1,0,1,0,0,1,0,1,3007,2252.66432436,108.0,360.0,1.0,1,1,Y
0,0,1,1,1,0,1,0,0,0,1,1,0,0,1,0,0,1,0,1,3739,51.45037051,135.0,360.0,1.0,1,0,Y
0,1,0,0,1,0,1,1,0,0,1,0,1,0,1,0,1,0,0,1,1261,2089.32039364,100.0,360.0,1.0,1,1,Y
1,1,0,0,1,0,1,1,1,0,1,1,0,0,1,0,0,1,0,1,3491,214.25619061,127.0,360.0,1.0,1,1,Y
0,0,1,0,1,0,1,1,0,0,1,0,1,0,1,0,0,1,0,1,4325,2223.38266839,129.0,360.0,1.0,1,1,Y
1,1,0,0,1,1,0,0,1,0,1,0,1,0,1,0,0,1,0,1,3909,209.15839809,120.0,360.0,1.0,1,1,Y
0,0,0,0,0,1,1,0,0,0,1,0,1,0,1,0,0,1,0,1,3193,1600.6307418,106.0,360.0,1.0,1,0,Y
1,0,0,1,1,0,0,0,1,0,1,0,0,0,1,0,0,1,0,1,2998,17.40549393,155.0,360.0,1.0,1,1,Y
1,1,1,0,0,1,1,1,1,0,1,0,1,0,1,0,0,1,0,1,2793,1978.87391927,133.0,360.0,1.0,0,1,N
1,1,0,0,1,0,0,1,1,0,1,0,1,0,1,0,0,1,0,1,3775,114.86708312,81.0,360.0,1.0,1,1,N
1,1,0,0,1,0,0,0,1,0,1,1,0,0,1,0,0,1,0,1,3431,0.0,57.0,360.0,1.0,1,1,Y
0,0,0,0,0,1,1,0,0,0,1,0,1,0,1,0,0,1,0,1,2413,2300.61152819,41.0,360.0,1.0,1,1,Y
1,1,0,0,1,1,0,0,1,0,1,0,1,0,1,0,0,1,0,1,3524,9.20633325,72.0,360.0,1.0,1,1,Y
1,1,0,0,1,0,1,1,0,0,1,0,1,0,1,0,1,0,0,1,2781,0.0,127.0,360.0,1.0,1,1,Y
0,0,0,1,1,0,0,0,0,0,1,1,0,0,1,0,0,1,0,1,3296,3.79604483,107.0,360.0,1.0,1,1,Y
1,1,0,0,0,1,1,1,1,0,1,0,1,0,1,0,0,1,0,1,3628,1397.26950713,114.0,360.0,1.0,1,1,N
1,0,0,0,1,0,0,0,0,0,1,1,0,0,1,0,0,1,0,1,3980,0.0,126.0,360.0,1.0,1,1,Y
0,0,1,1,1,1,0,0,0,0,1,0,1,0,1,0,0,1,0,1,4917,0.0,101.0,360.0,1.0,1,1,Y
0,1,0,0,0,1,1,1,1,0,1,0,1,0,1,0,0,1,0,1,2374,1515.27474748,114.0,360.0,1.0,1,1,Y
1,0,0,0,1,0,0,0,0,0,1,0,1,0,1,0,0,1,0,1,4627,78.24021887,152.0,360.0,1.0,1,1,Y
1,0,0,0,0,1,0,0,1,0,1,0,1,0,1,0,0,1,0,1,5108,39.61059025,92.0,360.0,1.0,1,1,Y
0,0,0,1,0,0,1,0,1,0,1,0,0,0,1,0,0,1,0,1,3775,0.0,60.0,360.0,1.0,1,1,Y
0,0,1,0,1,0,1,0,0,0,1,1,0,0,1,0,0,1,0,1,5001,1521.6877651,156.0,360.0,1.0,0,1,Y
1,1,0,0,0,0,0,1,1,0,1,0,1,0,0,0,0,1,0,1,3281,60.17896187,91.0,360.0,1.0,1,1,Y
0,0,0,1,1,0,0,0,1,0,1,1,0,0,1,0,0,1,0,1,2408,0.0,94.0,360.0,1.0,1,1,Y
1,1,0,0,1,0,0,0,1,1,0,1,0,0,1,0,0,1,0,1,4273,0.0,88.0,360.0,1.0,1,1,N
1,1,0,0,1,1,0,1,1,0,1,0,1,0,1,0,0,1,0,1,2553,1981.88696764,86.0,360.0,1.0,1,1,Y
1,0,0,1,1,1,0,0,1,0,1,0,1,0,1,0,0,1,0,1,4356,51.22957951,174.0,360.0,1.0,1,1,Y
1,0,0,1,1,1,0,0,1,0,1,0,1,0,1,0,0,1,0,1,4025,123.29352852,139.0,360.0,1.0,1,1,Y
0,0,0,0,1,0,1,0,1,0,1,0,1,0,1,0,0,1,0,1,3700,0.0,132.0,360.0,1.0,1,1,Y
0,0,1,0,1,0,0,1,0,0,1,0,1,0,1,1,0,1,0,1,3905,143.18361001,142.0,360.0,1.0,1,1,Y
1,1,1,0,1,1,1,1,1,0,1,0,1,0,1,0,0,1,0,1,4194,1978.39059024,173.0,360.0,1.0,1,1,Y
0,0,0,1,1,1,0,1,1,0,1,0,1,0,1,1,0,1,0,1,3358,2099.50619116,147.0,360.0,1.0,1,1,Y
0,1,0,0,1,0,0,0,1,0,1,0,1,0,1,0,0,1,0,1,4506,0.0,121.0,360.0,1.0,1,1,Y
1,1,0,0,1,1,0,1,1,0,1,0,1,0,1,0,0,1,0,1,4446,109.52716906,166.0,360.0,1.0,1,1,Y
1,0,0,0,0,0,0,0,1,0,1,0,1,0,1,0,0,1,0,1,3623,0.0,98.0,360.0,1.0,1,1,Y
1,0,0,0,1,1,0,0,1,0,1,0,1,0,1,0,0,1,0,1,2976,149.16789553,109.0,360.0,1.0,1,1,Y
0,0,0,1,0,1,1,0,0,0,1,0,1,0,1,0,0,1,0,1,1264,1871.71626123,94.0,360.0,1.0,1,1,Y
0,0,1,0,0,0,1,1,0,0,1,0,1,0,1,0,0,1,0,1,2720,1636.09473663,124.0,360.0,1.0,1,1,Y
0,0,1,1,0,1,1,1,1,0,1,0,1,0,1,0,0,1,0,1,3222,2176.97318566,119.0,360.0,1.0,1,1,Y
0,0,1,1,1,1,0,0,0,0,1,0,1,0,1,0,0,1,0,1,4832,1816.78019075,146.0,360.0,1.0,1,1,Y
0,0,0,0,1,0,1,0,0,0,1,0,1,0,1,0,0,1,0,1,1885,0.0,103.0,360.0,1.0,1,1,Y
1,1,0,0,1,1,0,1,1,0,1,0,1,0,1,0,0,1,0,1,4243,200.03041126,113.0,360.0,1.0,1,1,Y
1,0,0,0,0,1,0,1,1,0,1,0,1,0,1,0,0,1,0,1,1817,1971.76708272,91.0,360.0,1.0,1,1,Y
0,0,0,1,0,1,1,0,0,0,1,0,1,0,1,0,0,1,0,1,2565,165.36555968,79.0,360.0,1.0,1,0,Y
0,1,1,0,1,0,1,1,0,0,1,0,1,0,1,0,0,1,0,1,4491,2131.81264204,150.0,360.0,1.0,1,1,Y
0,0,0,0,1,0,0,1,1,0,1,0,1,0,1,0,0,1,0,1,3640,0.0,45.0,360.0,1.0,1,1,Y
0,0,0,0,1,0,0,1,1,0,1,0,1,0,0,1,0,1,0,1,3859,0.0,136.0,360.0,1.0,1,1,Y
1,1,0,0,1,0,0,1,1,0,1,0,1,0,0,1,0,1,0,1,2491,0.0,128.0,360.0,1.0,1,1,Y
1,0,1,0,1,1,0,1,1,0,1,0,1,0,1,0,0,1,1,0,7891,104.25327027,252.0,360.0,1.0,0,1,Y
0,0,0,0,0,0,0,0,0,0,1,1,0,0,1,0,0,1,0,1,2742,0.0,81.0,360.0,1.0,1,1,Y
0,0,1,0,0,1,1,1,0,0,1,0,1,0,1,0,0,1,0,1,2647,1974.7343554,188.0,360.0,1.0,1,1,Y
0,1,0,0,1,1,0,1,1,0,1,0,1,0,0,1,0,1,0,1,4819,175.36334445,103.0,360.0,1.0,1,1,Y
0,0,0,0,0,0,0,1,1,0,1,0,1,0,1,0,0,1,0,1,3019,0.0,66.0,360.0,1.0,1,1,Y
0,0,0,0,0,1,0,1,1,0,1,0,1,0,1,0,0,1,0,1,3309,2299.33946509,87.0,360.0,1.0,1,1,Y
0,1,0,0,0,1,1,0,0,0,1,1,0,0,1,0,0,1,0,1,2104,2358.01587571,119.0,360.0,1.0,1,1,Y
0,0,0,1,0,0,1,0,0,0,1,0,1,0,1,0,0,1,0,1,5161,1150.20364495,100.0,360.0,1.0,1,0,Y
1,0,1,0,1,1,0,0,1,0,1,0,1,0,1,0,0,1,0,1,3780,218.50388729,153.0,360.0,1.0,0,1,Y
0,0,0,0,1,0,1,0,0,1,1,1,0,0,1,0,0,1,0,1,3301,48.12743434,89.0,360.0,1.0,1,1,Y
1,0,0,0,0,0,1,0,1,0,1,1,0,0,1,0,0,1,0,1,3852,183.7576538,114.0,360.0,1.0,1,1,Y
0,0,0,0,1,1,1,1,1,0,1,0,1,0,1,1,0,1,0,1,3544,1775.11475214,184.0,360.0,1.0,1,1,Y
0,0,0,0,0,1,1,0,0,0,1,0,1,0,1,0,0,1,0,1,4447,1847.44373489,60.0,360.0,1.0,1,1,Y
0,0,0,0,0,1,1,0,0,0,1,0,1,0,1,0,0,1,0,1,3642,1641.14495746,157.0,360.0,1.0,1,1,Y
1,0,0,1,1,1,0,0,1,0,1,0,1,0,1,0,0,1,0,1,5835,0.0,92.0,360.0,1.0,1,1,Y
0,0,0,0,0,0,1,0,0,0,1,0,1,0,1,0,0,1,0,1,3065,0.0,89.0,360.0,1.0,1,1,Y
0,0,0,1,0,0,0,0,0,0,1,1,0,0,1,0,0,1,0,1,3652,120.9974502,99.0,360.0,1.0,1,1,Y
1,0,1,0,1,1,1,1,0,0,1,0,1,0,1,0,0,1,0,1,4182,2559.6684348,129.0,360.0,1.0,0,1,Y
0,0,0,1,1,0,0,0,0,0,1,1,0,0,1,0,0,1,0,1,3715,157.34912716,129.0,360.0,1.0,1,1,Y
0,0,0,1,0,0,1,1,0,0,1,0,1,0,1,1,0,1,0,1,3078,0.0,121.0,360.0,1.0,1,0,Y
0,0,0,1,0,0,1,0,0,1,0,1,0,0,1,0,0,1,0,1,2798,209.34308216,110.0,360.0,1.0,1,1,Y
0,0,0,1,1,0,0,0,0,0,1,0,1,0,1,0,0,1,0,1,5717,69.02412957,102.0,360.0,1.0,1,1,Y
0,0,0,1,0,0,1,0,1,0,1,1,0,0,1,0,0,1,0,1,5453,152.83496995,111.0,360.0,1.0,1,1,Y
1,1,0,0,1,0,0,1,1,0,1,0,1,0,1,0,0,1,0,1,4942,0.0,80.0,360.0,1.0,1,1,Y
1,1,0,0,1,0,1,1,1,0,1,0,1,0,1,0,0,1,0,1,2136,0.0,143.0,360.0,1.0,1,1,N
0,1,1,0,0,1,1,1,1,0,1,0,1,0,1,0,0,1,0,1,2703,2439.01192683,141.0,360.0,1.0,1,1,Y
1,0,0,0,0,1,1,0,1,0,1,0,1,0,1,0,0,1,0,1,2531,1926.86003961,109.0,360.0,1.0,1,1,Y
0,0,1,1,0,1,1,0,0,0,1,0,1,0,1,0,0,1,0,1,3706,1418.59709573,139.0,360.0,1.0,1,1,Y
0,0,0,0,0,0,1,1,1,0,1,0,1,0,1,0,1,0,0,1,3338,0.0,73.0,360.0,1.0,1,1,Y
1,0,0,0,0,1,1,0,0,0,1,1,0,0,1,0,0,1,0,1,4184,2336.25735203,161.0,360.0,1.0,0,1,Y
1,0,0,0,0,0,1,0,0,0,1,1,0,0,1,0,0,1,0,1,4068,0.0,156.0,360.0,1.0,1,1,Y
1,0,0,1,0,1,0,0,0,0,1,1,0,0,1,0,0,1,0,1,2590,386.40597828,95.0,360.0,1.0,1,1,Y
1,1,0,0,1,0,0,0,1,0,1,0,1,0,1,0,0,1,0,1,2782,235.27580649,46.0,360.0,1.0,1,1,Y
1,0,0,1,1,0,0,0,1,0,1,0,1,0,1,0,0,1,0,1,2941,178.33953216,58.0,360.0,1.0,1,1,Y
0,1,0,0,1,0,1,1,1,0,1,0,1,0,1,0,0,1,0,1,3753,0.0,141.0,360.0,1.0,1,1,Y
0,0,0,0,1,0,0,1,0,0,1,0,1,0,1,1,0,1,0,1,4645,20.77785494,89.0,360.0,1.0,1,0,Y
1,1,0,0,0,0,1,1,0,0,1,0,1,0,1,0,1,0,0,1,3560,1638.36088186,84.0,360.0,1.0,1,1,Y
0,0,0,1,1,0,1,0,1,0,1,0,1,0,1,0,0,1,0,1,6477,0.0,143.0,360.0,1.0,1,1,Y
1,0,0,0,0,0,0,1,1,0,1,1,0,0,1,0,0,1,0,1,3133,231.35827732,125.0,360.0,1.0,1,1,Y
0,0,1,1,1,0,1,0,0,0,1,0,1,0,1,0,0,1,0,1,3158,0.0,165.0,360.0,1.0,1,0,Y
0,0,1,1,1,0,0,0,0,0,1,0,1,0,1,1,0,1,0,1,3735,0.0,80.0,360.0,1.0,1,0,Y
1,1,0,0,0,0,0,1,1,0,1,0,1,0,1,0,0,1,0,1,5179,80.79709005,86.0,360.0,1.0,1,1,Y
1,1,0,0,1,1,0,1,1,0,1,1,1,0,1,0,0,1,1,0,3413,0.0,201.0,360.0,1.0,1,1,Y
1,0,0,0,0,1,1,1,1,0,1,0,1,0,1,0,1,0,0,1,2519,1744.45016046,77.0,360.0,1.0,1,1,Y
0,1,0,0,1,1,0,0,0,0,1,0,1,0,1,0,0,1,0,1,4845,1938.91913811,137.0,360.0,1.0,1,1,Y
1,0,0,0,0,1,1,0,1,0,1,0,1,0,1,0,0,1,0,1,2864,2773.58472637,107.0,360.0,1.0,1,1,Y
0,0,1,0,1,1,1,0,1,0,1,0,1,0,1,0,0,1,0,1,4419,2568.84099542,161.0,360.0,1.0,1,1,Y
0,0,0,1,1,0,0,1,1,0,1,0,1,0,1,1,0,1,0,1,6065,0.0,170.0,360.0,1.0,1,1,Y
1,1,0,0,1,0,0,1,1,0,1,0,1,0,0,1,0,1,1,0,4141,279.06182364,168.0,360.0,1.0,1,1,Y
1,1,0,0,0,0,0,1,1,0,1,0,1,0,0,0,0,1,0,1,4174,0.0,97.0,360.0,1.0,1,1,Y
1,1,0,0,0,0,1,1,1,0,1,1,1,0,1,0,0,1,0,1,2050,0.0,84.0,360.0,1.0,1,1,Y
0,0,0,1,1,0,0,1,1,0,1,1,0,0,1,0,0,1,0,1,4188,0.0,144.0,360.0,1.0,1,1,Y
0,0,0,0,1,0,1,1,0,0,1,0,1,0,1,0,0,1,0,1,2754,37.62937827,179.0,360.0,1.0,1,1,Y
1,0,0,0,0,0,0,1,0,0,1,0,1,0,1,0,1,0,0,1,1634,0.0,96.0,360.0,1.0,1,1,Y
1,1,0,0,1,1,1,0,1,0,1,0,1,0,1,0,0,1,0,1,3726,231.15034896,74.0,360.0,1.0,1,1,Y
1,0,0,0,0,0,0,0,1,0,1,1,0,0,1,0,0,1,0,1,2700,277.85288023,125.0,360.0,1.0,1,1,Y
1,1,0,0,0,0,1,1,1,0,1,1,0,0,1,0,0,1,0,1,3083,155.82486584,132.0,360.0,1.0,1,1,Y
0,0,0,0,1,0,1,1,1,0,1,0,1,0,1,0,0,1,0,1,3465,0.0,153.0,360.0,1.0,1,1,Y
0,1,0,0,0,0,1,1,0,0,1,1,0,0,1,0,1,0,0,1,885,2785.97983764,84.0,360.0,1.0,1,1,Y
1,1,1,0,0,1,1,1,1,0,1,0,1,0,1,0,0,1,0,1,3570,2481.79499241,135.0,360.0,1.0,0,1,Y
1,0,0,0,1,0,0,1,1,0,1,0,1,0,1,0,0,1,0,1,3420,0.0,80.0,360.0,1.0,1,1,Y
1,1,0,0,1,0,0,1,1,0,1,0,1,0,0,1,0,1,0,1,3180,224.53580125,114.0,360.0,1.0,1,1,Y
1,0,0,0,0,0,1,1,0,0,1,0,1,0,1,0,0,1,0,1,1711,1577.22106534,149.0,360.0,1.0,1,1,Y
0,0,1,1,1,1,1,0,0,0,1,1,0,0,1,0,0,1,0,1,3649,29.79137982,187.0,360.0,1.0,1,1,Y
0,0,0,1,1,1,0,0,0,0,1,0,1,0,1,0,0,1,0,1,2886,0.0,131.0,360.0,1.0,1,1,Y
0,0,1,1,0,0,1,0,0,0,1,1,0,0,1,0,0,1,0,1,4860,243.32565629,76.0,360.0,1.0,1,1,Y
0,0,1,0,1,1,1,1,0,0,1,0,1,0,1,0,0,1,0,1,4389,2855.25481739,112.0,360.0,1.0,1,1,Y
0,0,0,1,1,0,0,0,1,0,1,0,1,0,1,1,0,1,0,1,5543,73.63723147,95.0,360.0,1.0,1,0,Y
1,1,0,0,0,1,1,0,0,0,1,1,0,0,1,0,0,1,0,1,3705,247.12551115,122.0,360.0,1.0,1,1,Y
1,0,0,0,1,1,0,1,1,0,1,0,1,0,1,0,0,1,0,1,3167,0.0,120.0,360.0,1.0,1,1,Y
1,1,0,0,0,0,1,1,1,0,1,0,1,0,1,0,0,1,0,1,4404,2039.99145767,106.0,360.0,1.0,1,1,N
1,1,0,0,0,1,0,1,1,0,1,0,1,0,1,0,0,1,0,1,3464,257.26889847,82.0,360.0,1.0,1,1,N
0,0,1,1,1,1,0,1,0,0,1,0,1,0,1,1,0,1,0,1,3243,23.91880448,137.0,360.0,1.0,1,1,Y
0,0,0,0,0,0,1,0,1,0,1,0,0,0,1,0,0,1,0,1,1999,97.64801551,104.0,360.0,1.0,1,1,Y
1,1,0,0,1,0,0,1,1,0,1,0,1,0,0,1,0,1,0,1,3994,2290.83716918,120.0,360.0,1.0,1,1,Y
0,0,0,1,0,1,0,0,0,0,1,0,1,0,1,0,0,1,0,1,3463,2004.78437076,96.0,360.0,1.0,1,1,Y
1,0,0,0,0,0,0,0,0,1,0,1,0,0,1,0,0,1,0,1,2462,130.55375561,96.0,360.0,1.0,1,1,Y
0,0,1,0,1,1,1,0,0,0,1,0,1,0,1,0,0,1,0,1,5009,1644.53509136,168.0,360.0,1.0,1,1,Y
0,0,0,0,0,0,1,0,0,0,1,0,1,0,1,0,0,1,0,1,2606,0.0,99.0,360.0,1.0,1,1,Y
1,1,0,0,0,0,1,1,1,0,1,0,1,0,0,1,0,1,0,1,4159,2430.77276257,165.0,360.0,1.0,1,1,Y
0,0,1,1,0,1,1,0,0,0,1,0,1,0,1,0,0,1,0,1,4180,2143.64852597,107.0,360.0,1.0,1,1,Y
0,0,0,1,1,0,0,1,0,0,1,0,1,0,1,0,0,1,0,1,4074,2425.94642578,55.0,360.0,1.0,1,0,Y
0,0,0,1,0,1,1,0,0,0,1,1,0,0,1,0,0,1,0,1,3513,2143.75725203,157.0,360.0,1.0,1,1,Y
1,1,0,0,1,1,0,1,1,0,1,0,1,0,1,0,0,1,0,1,1828,87.28268361,119.0,360.0,1.0,1,1,Y
1,0,0,0,0,1,1,0,0,0,1,0,1,0,1,0,0,1,0,1,2978,2298.11999366,130.0,360.0,1.0,1,1,Y
0,0,0,1,1,0,0,0,1,0,1,0,1,0,1,1,0,1,0,1,3695,0.0,120.0,360.0,1.0,1,1,Y
0,0,0,0,1,1,0,1,1,0,1,0,1,0,1,1,0,1,0,1,5529,1276.43818675,135.0,360.0,1.0,1,1,Y
1,0,0,0,0,1,0,0,1,0,1,0,1,0,1,0,0,1,0,1,2126,1722.57302257,162.0,360.0,1.0,1,1,Y
0,0,0,0,0,0,1,0,0,1,0,1,0,0,1,0,0,1,0,1,3390,306.3941578,98.0,360.0,1.0,1,1,Y
1,0,0,0,0,0,0,0,1,0,1,0,1,0,1,0,0,1,0,1,3355,0.0,90.0,360.0,1.0,1,1,Y
1,0,0,1,0,1,0,1,1,0,1,0,1,0,1,0,0,1,0,1,4574,66.83117898,109.0,360.0,1.0,1,1,Y
1,1,0,0,1,0,1,0,0,0,1,1,0,0,1,0,0,1,0,1,3909,0.0,112.0,360.0,1.0,1,1,Y
1,0,0,0,0,0,1,0,1,0,1,1,0,0,1,0,1,0,0,1,328,274.90597876,79.0,360.0,1.0,1,1,Y
0,0,1,0,1,1,1,0,0,0,1,1,0,0,1,0,0,1,0,1,3883,1525.51459223,107.0,360.0,1.0,1,1,Y
0,0,0,0,0,1,1,1,0,0,1,0,1,0,1,1,0,1,0,1,1983,1873.72600513,145.0,360.0,1.0,1,1,Y
1,0,0,1,0,0,0,0,1,0,1,1,0,0,1,0,0,1,0,1,3620,0.0,117.0,360.0,1.0,1,1,N
0,0,0,0,0,1,1,0,1,0,1,0,1,0,1,0,0,1,0,1,3691,1907.70092991,98.0,360.0,1.0,1,1,Y
1,0,0,1,0,0,0,0,1,0,1,0,1,0,1,0,0,1,0,1,3381,237.81056554,110.0,360.0,1.0,1,1,Y
0,0,0,1,1,0,0,1,1,0,1,0,1,0,1,1,0,1,0,1,3488,0.0,132.0,360.0,1.0,1,0,Y
1,1,0,0,1,0,0,0,1,0,1,1,0,0,1,0,0,1,0,1,3372,91.97126446,100.0,360.0,1.0,1,1,Y
0,0,0,1,0,0,0,0,0,0,1,0,1,0,1,0,0,1,0,1,2888,0.0,178.0,360.0,1.0,1,0,Y
0,1,0,0,0,0,1,0,1,0,1,0,1,0,1,0,1,0,0,1,2577,2270.71891586,113.0,360.0,1.0,1,1,Y
0,0,1,0,0,1,1,0,0,0,1,0,1,0,1,0,0,1,0,1,2778,1926.20571068,151.0,360.0,1.0,1,1,Y
0,0,0,1,1,0,0,0,0,0,1,0,1,0,1,0,0,1,0,1,2691,0.0,102.0,360.0,1.0,1,1,Y
1,1,0,0,1,1,0,1,1,0,1,0,1,0,1,0,0,1,0,1,5083,0.0,134.0,360.0,1.0,1,1,Y
1,0,0,0,0,0,0,0,1,0,1,0,1,0,1,0,0,1,0,1,2497,92.04439053,86.0,360.0,1.0,1,1,Y
1,0,0,1,0,0,0,0,1,1,0,1,0,0,1,0,0,1,0,1,3645,133.05192853,67.0,360.0,1.0,1,1,Y
0,0,0,0,0,0,0,0,1,0,1,0,1,0,1,0,0,1,0,1,2271,2059.29584608,35.0,360.0,1.0,1,1,Y
1,0,0,0,1,1,0,1,1,0,1,0,1,0,1,0,0,1,0,1,4055,0.0,157.0,360.0,1.0,1,1,Y
0,0,1,1,0,0,1,0,0,0,1,0,1,0,1,0,0,1,0,1,2489,1503.13564942,140.0,360.0,1.0,1,1,Y
0,1,0,0,0,0,1,1,1,0,1,0,1,0,1,0,1,0,0,1,3986,2486.91955435,110.0,360.0,1.0,1,1,Y
1,1,1,0,1,1,1,1,0,0,1,0,1,0,1,0,0,1,0,1,2375,2262.34269589,122.0,360.0,1.0,0,1,Y
0,0,0,1,0,0,1,0,0,0,1,1,0,0,1,0,0,1,0,1,200,92.42936778,114.0,360.0,1.0,1,1,Y
1,0,0,1,0,1,0,0,1,0,1,1,0,0,1,0,0,1,0,1,3661,219.05769666,142.0,360.0,1.0,1,1,Y
1,0,0,0,0,1,0,0,1,0,1,0,1,0,1,0,0,1,0,1,2749,2216.89462218,145.0,360.0,1.0,0,1,N
0,0,0,1,0,0,1,0,0,0,1,1,0,0,1,0,0,1,0,1,2976,134.49746227,172.0,360.0,1.0,1,0,Y
0,0,0,1,0,0,1,0,0,0,1,1,0,0,1,0,0,1,0,1,2180,2.12599259,108.0,360.0,1.0,1,0,Y
1,0,1,0,0,1,1,1,0,0,1,0,1,0,1,0,0,1,0,1,3449,2312.62391694,128.0,360.0,1.0,1,1,Y
1,0,0,0,1,0,0,1,1,0,1,0,1,0,1,0,0,1,0,1,3741,0.0,123.0,360.0,1.0,1,1,Y
1,1,0,0,1,1,1,1,1,0,1,0,1,0,0,1,0,1,0,1,2491,1696.68161199,147.0,360.0,1.0,1,1,Y
0,0,1,1,0,0,1,0,0,0,1,0,1,0,1,0,0,1,0,1,4416,1713.12935379,120.0,360.0,1.0,1,0,Y
1,0,1,0,0,1,1,0,1,0,1,0,1,0,1,0,0,1,0,1,2225,2488.14907498,152.0,360.0,1.0,1,1,Y
0,0,0,0,1,1,0,1,1,0,1,0,1,0,0,1,0,1,0,1,5380,0.0,96.0,360.0,1.0,1,1,Y
0,0,1,1,0,0,1,0,0,0,1,0,1,0,1,0,0,1,0,1,3751,0.0,110.0,360.0,1.0,1,0,Y
0,0,0,0,1,1,0,0,0,0,1,1,0,0,1,0,0,1,0,1,5058,0.0,122.0,360.0,1.0,1,1,Y
1,0,0,0,0,1,0,1,1,0,1,0,1,0,1,0,0,1,0,1,2668,2115.878517,106.0,360.0,1.0,1,1,Y
0,0,0,1,1,1,0,0,1,0,1,0,1,0,1,0,0,1,0,1,4408,447.17943197,143.0,360.0,1.0,1,1,Y
0,0,0,1,1,0,0,1,1,0,1,0,1,0,1,0,0,1,0,1,5814,272.32080683,109.0,360.0,1.0,1,1,Y
1,1,0,0,0,1,0,0,1,0,1,0,1,0,1,0,0,1,0,1,2981,0.0,121.0,360.0,1.0,1,1,Y
0,0,1,0,1,1,1,0,0,0,1,0,1,0,1,0,0,1,0,1,3630,2357.08005387,133.0,360.0,1.0,1,1,Y
0,0,1,0,0,1,1,0,0,0,1,1,0,0,1,0,0,1,0,1,3443,1691.98523138,121.0,360.0,1.0,1,1,Y
1,1,0,0,1,0,0,1,1,0,1,0,1,0,1,0,0,1,0,1,2903,362.49435657,98.0,360.0,1.0,1,1,Y
0,0,1,1,1,1,1,1,0,0,1,0,1,0,1,1,0,1,0,1,3942,1750.70469916,184.0,360.0,1.0,1,0,Y
0,0,0,0,0,0,1,0,0,0,1,1,0,0,1,0,0,1,0,1,3021,0.0,130.0,360.0,1.0,1,1,Y
0,0,0,0,1,0,1,0,1,0,1,1,0,0,1,0,0,1,0,1,2693,105.26722029,128.0,360.0,1.0,1,1,Y
1,0,0,1,0,0,1,0,0,0,0,1,0,0,1,0,0,1,0,1,3080,132.12919336,75.0,360.0,1.0,1,1,Y
0,0,1,0,1,1,1,0,0,0,1,1,0,0,1,0,0,1,0,1,3034,1680.49784775,180.0,360.0,1.0,1,1,Y
1,1,0,0,0,0,0,0,1,0,1,0,1,0,1,0,0,1,0,1,3436,0.0,104.0,360.0,1.0,1,1,Y
1,1,0,0,0,0,1,0,0,0,1,1,0,0,1,0,1,0,0,1,4506,74.55235701,106.0,360.0,1.0,1,1,N
0,1,1,0,1,1,1,1,1,0,1,0,1,0,1,1,0,1,0,1,2745,1273.89145301,173.0,360.0,1.0,1,1,Y
0,0,0,1,1,1,0,0,1,0,1,0,1,0,1,0,0,1,0,1,4481,1.44938678,136.0,360.0,1.0,1,1,Y
0,0,1,1,1,0,0,1,1,0,1,0,1,0,1,0,0,1,0,1,3821,201.69091544,144.0,360.0,1.0,1,1,Y
1,0,0,1,0,1,0,0,1,0,1,0,1,0,1,0,0,1,0,1,2680,130.7501486,70.0,360.0,1.0,1,1,Y
1,0,0,1,0,1,0,1,1,0,1,0,1,0,1,1,0,1,0,1,3482,0.0,85.0,360.0,1.0,1,1,Y
1,1,0,0,1,0,1,1,0,0,1,0,1,0,1,0,0,1,0,1,3094,2290.20752782,88.0,360.0,1.0,1,1,Y
0,0,0,1,1,0,0,0,0,0,1,0,1,0,1,0,0,1,0,1,4563,0.0,100.0,360.0,1.0,1,1,Y
0,0,0,0,1,1,0,0,0,0,1,0,1,0,1,0,0,1,0,1,4610,1196.1231577,106.0,360.0,1.0,1,1,Y
1,0,0,0,0,1,1,1,1,0,1,0,1,0,1,0,0,1,0,1,803,0.0,111.0,360.0,1.0,1,1,Y
1,0,0,0,1,1,1,1,1,0,1,0,1,0,1,0,0,1,0,1,3061,329.85104127,177.0,360.0,1.0,1,1,Y
0,0,1,1,1,1,1,0,0,0,1,0,1,0,1,0,0,1,0,1,4162,2062.88635741,138.0,360.0,1.0,1,1,Y
1,1,0,0,1,0,1,1,1,0,1,0,1,0,1,0,0,1,0,1,3809,0.0,124.0,360.0,1.0,1,1,Y
0,0,0,1,0,0,1,0,0,0,1,1,0,0,1,0,0,1,0,1,2009,0.0,64.0,360.0,1.0,1,1,Y
1,1,0,0,0,0,1,0,1,0,1,1,0,0,1,0,0,1,0,1,2592,96.87547656,95.0,360.0,1.0,0,1,N
0,0,0,1,1,0,0,0,0,1,1,1,0,0,1,0,0,1,0,1,4114,69.4173106,99.0,360.0,1.0,1,1,Y
0,0,1,0,1,1,1,1,0,0,1,0,1,0,1,0,0,1,0,1,4662,1858.82721353,131.0,360.0,1.0,1,1,Y
1,0,0,0,1,1,0,1,0,0,1,0,1,0,1,0,0,1,0,1,3826,0.0,77.0,360.0,1.0,1,1,Y
0,0,0,0,0,0,0,1,1,0,1,0,1,0,1,0,0,1,0,1,2346,2738.14424885,96.0,360.0,1.0,1,1,Y
1,1,0,0,1,0,1,1,1,0,1,0,1,0,1,0,0,1,0,1,3984,2011.84762089,120.0,360.0,1.0,1,1,Y
1,0,1,0,1,1,0,0,1,0,1,1,0,0,1,0,0,1,0,1,3900,45.95798152,106.0,360.0,1.0,1,1,Y
1,1,0,0,1,0,0,0,1,0,1,0,1,0,1,0,0,1,0,1,1573,346.73180912,142.0,360.0,1.0,1,1,Y
1,1,1,0,1,1,0,1,1,0,1,0,1,0,0,1,0,1,0,1,4361,2241.5006331,79.0,360.0,1.0,1,1,Y
0,0,0,1,1,0,0,1,1,0,1,1,0,0,1,0,0,1,0,1,6010,0.0,155.0,360.0,1.0,1,1,Y
0,0,0,1,0,1,1,0,1,0,1,1,0,0,1,0,0,1,0,1,2729,0.0,164.0,360.0,1.0,1,1,Y
1,0,0,0,0,0,0,0,1,0,1,0,1,0,1,0,0,1,0,1,3207,0.0,106.0,360.0,1.0,1,1,Y
1,1,0,0,1,1,0,0,1,0,1,0,1,0,1,0,0,1,0,1,2740,2056.74492592,154.0,360.0,1.0,1,1,Y
1,0,0,0,1,0,0,0,1,0,1,0,1,0,1,0,0,1,1,0,3583,2.00171993,85.0,360.0,1.0,1,1,N
1,0,1,0,0,1,1,0,0,0,1,0,1,0,1,0,0,1,0,1,2821,2507.7346529,107.0,360.0,1.0,1,1,Y
0,0,0,0,0,1,1,1,0,0,1,0,1,0,1,0,0,1,0,1,4370,1374.90189065,123.0,360.0,1.0,1,1,Y
1,1,0,0,0,0,1,0,1,0,1,1,0,0,1,0,0,1,0,1,3368,55.80487385,120.0,360.0,1.0,1,1,N
0,0,1,1,1,0,1,0,0,0,1,0,1,0,1,0,0,1,0,1,3844,0.0,140.0,360.0,1.0,1,0,Y
0,0,0,0,0,0,1,0,1,0,1,0,1,0,1,0,0,1,0,1,2822,0.0,180.0,360.0,1.0,1,1,Y
1,1,0,0,0,1,1,0,1,0,1,0,1,0,1,0,0,1,0,1,4105,2708.09583229,116.0,360.0,1.0,0,1,N
0,0,0,0,0,1,1,0,0,0,1,0,1,0,1,0,0,1,0,1,2554,2411.59950809,74.0,360.0,1.0,1,1,Y
0,0,0,1,1,0,0,0,0,0,1,0,1,0,1,0,0,1,0,1,2474,12.78534655,164.0,360.0,1.0,1,1,Y
0,0,0,0,1,0,0,0,0,0,1,0,1,0,1,1,0,1,0,1,3837,91.88451483,171.0,360.0,1.0,1,1,Y
0,0,1,0,0,1,1,1,1,0,1,0,1,0,1,0,0,1,0,1,4281,1749.87733817,150.0,360.0,1.0,1,1,Y
0,0,0,1,0,0,1,0,0,0,1,1,0,0,1,0,0,1,0,1,2368,196.85586503,160.0,360.0,1.0,1,1,Y
1,0,0,1,1,0,0,0,1,0,1,1,0,0,1,0,0,1,0,1,3525,134.24374113,130.0,360.0,1.0,1,1,Y
1,0,0,0,1,0,0,0,1,0,1,0,1,0,1,0,0,1,0,1,2860,0.0,60.0,360.0,1.0,1,1,Y
1,1,1,0,1,1,0,0,1,0,1,0,1,0,1,0,0,1,0,1,4416,2293.95645968,123.0,360.0,1.0,1,1,Y
1,1,0,0,0,1,1,1,1,0,1,0,1,0,0,0,0,1,0,1,975,1886.42996731,131.0,360.0,1.0,1,1,Y
1,0,0,1,0,0,1,0,0,1,0,1,0,0,1,0,0,1,0,1,1962,0.0,106.0,360.0,1.0,1,1,Y
1,0,0,1,0,0,0,0,1,0,1,0,1,0,1,0,0,1,0,1,4377,279.84283762,134.0,360.0,1.0,1,1,Y
0,1,0,0,1,0,1,0,1,0,1,1,0,0,1,0,0,1,0,1,2017,0.0,142.0,360.0,1.0,1,1,Y
0,0,0,0,0,0,0,0,1,0,1,0,1,0,1,0,0,1,0,1,2792,1444.56732476,88.0,360.0,1.0,1,1,Y
1,1,0,0,1,0,0,1,1,0,1,0,1,0,1,0,0,1,1,0,3280,0.0,82.0,360.0,1.0,1,1,Y
1,1,1,0,1,1,1,1,1,0,1,0,1,0,1,0,0,1,0,1,1929,2102.31123265,133.0,360.0,1.0,1,1,N
1,0,0,1,1,0,0,1,1,0,1,0,1,0,0,1,0,1,0,1,5265,5.22525445,112.0,360.0,1.0,1,1,Y
1,1,1,0,1,1,0,1,1,0,1,0,1,0,1,0,0,1,0,1,3753,0.0,140.0,360.0,1.0,1,1,Y
1,0,0,1,0,1,0,0,1,0,1,0,1,0,1,0,0,1,0,1,4223,0.0,135.0,360.0,1.0,1,1,Y
1,1,0,0,0,0,1,1,0,0,1,0,1,0,1,0,0,1,0,1,3353,0.0,130.0,360.0,1.0,1,1,Y
1,1,0,0,1,0,1,1,1,0,1,0,1,0,1,0,0,1,0,1,3595,176.24054593,85.0,360.0,1.0,1,1,N
0,0,0,1,0,1,1,0,0,0,1,0,1,0,1,0,0,1,0,1,4195,376.35172744,124.0,360.0,1.0,1,1,Y
0,0,1,1,1,1,1,0,0,0,1,0,1,0,1,0,0,1,0,1,2507,1603.75996542,99.0,360.0,1.0,1,1,Y
1,0,0,1,1,0,0,0,0,0,1,1,0,0,1,0,0,1,0,1,3585,266.63544541,31.0,360.0,1.0,1,1,Y
0,0,1,0,1,1,1,1,0,0,1,1,1,0,1,0,0,1,0,1,4274,2465.06689216,151.0,360.0,1.0,0,1,Y
1,1,1,0,0,1,1,1,1,0,1,0,1,0,1,0,0,1,0,1,1997,1772.93442945,166.0,360.0,1.0,0,1,Y
1,0,0,1,0,0,0,0,1,0,1,0,1,0,1,0,0,1,0,1,3513,13.85746257,51.0,360.0,1.0,1,1,Y
0,0,1,0,1,0,1,1,0,0,1,1,1,0,1,0,0,1,0,1,4151,15.34528504,133.0,360.0,1.0,1,1,Y
0,0,1,1,1,1,0,0,0,0,1,1,0,0,1,0,0,1,0,1,3249,0.0,187.0,360.0,1.0,1,1,Y
1,1,0,0,0,0,1,1,1,0,1,0,1,0,1,0,0,1,0,1,2038,2324.09373642,93.0,360.0,1.0,1,1,Y
1,1,0,0,0,0,1,0,0,0,1,1,0,0,1,0,0,1,0,1,2568,1651.67637683,82.0,360.0,1.0,0,1,N
0,0,0,0,1,0,1,0,1,0,1,1,0,0,1,0,0,1,0,1,2591,12.76877742,123.0,360.0,1.0,1,1,Y
0,0,0,1,1,0,1,0,0,0,1,1,0,0,1,0,0,1,0,1,3754,344.72825976,109.0,360.0,1.0,1,1,Y
1,1,0,0,1,0,0,1,1,0,1,0,1,0,0,1,0,1,0,1,2872,0.0,141.0,360.0,1.0,1,1,Y
0,0,0,1,1,0,1,1,1,0,1,1,0,0,1,0,0,1,0,1,2505,75.68312835,170.0,360.0,1.0,1,1,Y
0,0,1,0,1,0,1,1,0,0,1,0,1,0,1,0,0,1,0,1,3472,0.0,138.0,360.0,1.0,1,1,Y
1,1,1,0,0,1,1,1,1,0,1,0,1,0,1,0,0,1,0,1,2877,2876.07537109,156.0,360.0,1.0,0,1,Y
0,0,0,1,0,0,1,0,0,0,1,1,0,0,1,0,0,1,0,1,3723,0.0,112.0,360.0,1.0,1,1,Y
1,1,0,0,1,1,0,0,1,0,1,0,1,0,1,0,0,1,0,1,3279,1553.15074236,101.0,360.0,1.0,1,1,Y
1,0,0,0,1,0,0,0,0,0,1,1,0,0,1,0,0,1,0,1,4295,3.27219866,129.0,360.0,1.0,1,1,Y
0,1,0,0,1,0,0,1,1,0,1,0,1,0,1,0,0,1,0,1,3163,0.0,116.0,360.0,1.0,1,1,Y
1,1,0,0,0,1,1,1,1,0,1,0,1,0,1,0,0,1,0,1,1986,2192.73040435,121.0,360.0,1.0,0,1,Y
0,0,0,1,0,0,0,0,0,0,1,0,1,0,1,0,0,1,0,1,3520,302.13121377,83.0,360.0,1.0,1,0,Y
1,1,0,0,0,0,0,0,1,0,1,1,0,0,1,0,0,1,0,1,4209,0.0,59.0,360.0,1.0,1,1,Y
0,0,1,1,1,1,1,1,0,0,1,0,1,0,1,1,0,1,0,1,3926,992.64291217,145.0,360.0,1.0,1,0,Y
1,0,0,0,1,0,1,0,0,0,1,0,1,0,1,0,0,1,0,1,2976,1743.74938405,116.0,360.0,1.0,1,1,Y
0,0,0,0,0,0,1,0,0,0,1,1,0,0,1,0,0,1,0,1,4103,1830.16467669,82.0,360.0,1.0,1,1,Y
0,0,0,1,0,0,1,0,0,0,1,1,0,0,1,0,0,1,0,1,2866,195.03434937,117.0,360.0,1.0,1,1,Y
0,0,0,1,1,0,1,0,0,0,1,1,0,0,1,0,0,1,0,1,3061,289.525031,104.0,360.0,1.0,1,1,Y
0,0,0,1,1,0,1,1,0,0,1,0,0,0,1,0,0,1,0,1,3643,106.32558597,129.0,360.0,1.0,1,1,Y
1,1,0,0,0,1,0,1,1,0,1,0,1,0,0,1,0,1,0,1,3352,88.63009699,101.0,360.0,1.0,1,1,Y
1,0,0,0,0,0,0,0,1,0,1,0,1,0,1,0,0,1,0,1,2490,1870.41692656,114.0,360.0,1.0,1,1,Y
0,0,0,1,1,0,0,0,0,0,1,1,0,0,1,0,0,1,0,1,3825,0.0,108.0,360.0,1.0,1,1,Y
0,0,0,1,0,1,0,0,0,0,1,0,1,0,1,0,0,1,0,1,4629,0.0,170.0,360.0,1.0,1,1,Y
0,1,0,0,0,1,1,0,0,0,1,0,1,0,1,0,0,1,0,1,2140,1807.36425245,74.0,360.0,1.0,1,1,Y
0,0,0,0,0,0,1,1,0,0,1,0,1,0,1,0,0,1,0,1,3033,2085.54596197,159.0,360.0,1.0,1,1,Y
1,1,0,0,1,0,0,1,1,0,1,0,1,0,1,0,0,1,0,1,2356,0.0,121.0,360.0,1.0,1,1,Y
0,0,0,1,1,0,1,0,0,0,1,0,1,0,1,0,0,1,0,1,3717,1843.38950461,134.0,360.0,1.0,1,1,Y
0,0,0,0,0,0,0,1,1,0,1,0,1,0,0,1,0,1,0,1,1739,0.0,140.0,360.0,1.0,1,1,Y
1,1,0,0,1,0,0,0,1,0,1,1,0,0,1,0,0,1,0,0,4585,118.69831284,80.0,360.0,1.0,1,1,N
0,0,0,1,0,1,1,0,0,0,1,1,0,0,1,0,0,1,0,1,3773,2322.87522,83.0,360.0,1.0,1,1,Y
0,0,1,0,1,1,1,1,1,0,1,0,1,0,1,0,0,1,0,1,4131,2252.99291463,162.0,360.0,1.0,1,1,Y
0,0,1,0,0,1,1,0,0,0,1,0,1,0,1,0,0,1,0,1,3228,2327.00039153,82.0,360.0,1.0,1,1,Y
0,0,0,0,1,0,0,1,1,0,1,0,1,0,1,0,0,1,0,1,3418,0.0,118.0,360.0,1.0,1,1,Y
1,0,0,0,0,1,1,0,0,0,1,1,0,0,1,0,0,1,0,1,1890,265.88628977,84.0,360.0,1.0,1,1,Y
0,0,1,1,1,1,1,0,0,0,1,0,1,0,1,0,0,1,0,1,5336,214.97388656,96.0,360.0,1.0,1,0,Y
0,0,0,1,1,0,0,0,0,0,1,0,1,0,1,0,0,1,0,1,2958,0.0,95.0,360.0,1.0,1,1,Y
0,0,0,0,0,0,0,1,0,0,1,0,1,0,1,0,0,1,0,1,1715,2370.23141949,88.0,360.0,1.0,1,1,Y
1,1,1,0,1,1,1,1,1,0,1,0,1,0,1,1,0,1,0,1,3790,2185.3202583,146.0,360.0,1.0,1,1,Y
1,1,0,0,0,1,0,0,1,0,1,0,1,0,0,0,1,0,0,1,4374,2406.11567608,93.0,360.0,1.0,1,1,Y
1,0,0,1,1,0,0,1,1,1,0,1,0,0,1,0,0,1,0,1,4056,0.0,97.0,360.0,1.0,1,1,Y
1,1,0,0,1,0,0,0,0,0,1,0,1,0,1,0,0,1,0,1,3347,0.0,84.0,360.0,1.0,1,1,Y
0,0,0,1,1,0,1,1,1,0,1,0,1,0,1,0,0,1,0,1,3830,0.0,118.0,360.0,1.0,1,0,Y
0,0,0,1,1,0,0,0,0,0,1,1,0,0,1,0,0,1,0,1,4031,0.0,123.0,360.0,1.0,1,0,Y
0,0,0,1,1,0,0,0,0,0,1,1,0,0,1,0,0,1,0,1,4885,0.0,148.0,360.0,1.0,1,1,Y
1,0,1,0,1,1,1,0,0,0,1,0,1,0,1,0,0,1,0,1,3725,1984.62184315,100.0,360.0,1.0,1,1,Y
1,1,0,0,0,1,1,0,0,0,1,1,0,0,1,0,0,1,0,1,2206,1623.99724592,116.0,360.0,1.0,1,1,Y
0,0,1,1,1,0,1,0,0,0,1,1,0,0,1,0,0,1,0,1,4790,0.0,145.0,360.0,1.0,1,1,Y
1,1,0,0,1,1,1,1,1,0,1,0,1,0,1,0,0,1,0,1,4143,0.0,156.0,360.0,1.0,1,1,N
0,0,0,0,1,0,1,1,0,0,1,0,1,0,1,0,0,1,0,1,2862,1218.88750232,135.0,360.0,1.0,1,1,Y
0,0,0,1,1,0,0,1,0,0,1,0,1,0,1,0,0,1,0,1,4809,0.0,125.0,360.0,1.0,1,0,Y
1,1,0,0,1,1,0,1,1,0,1,0,1,0,0,0,0,1,0,1,3181,110.1814497,128.0,360.0,1.0,1,1,Y
1,1,0,0,1,1,0,0,0,0,1,0,1,0,1,0,0,1,0,1,3055,2521.34770066,149.0,360.0,1.0,0,1,Y
0,0,0,1,0,0,0,1,1,0,1,0,1,0,1,1,0,1,0,1,3731,0.0,114.0,360.0,1.0,1,0,Y
1,0,0,0,1,0,0,1,1,0,1,0,1,0,1,1,0,1,0,1,4513,111.52315058,78.0,360.0,1.0,1,1,Y
1,1,0,0,0,0,1,1,1,0,1,0,1,0,1,0,0,1,0,1,2763,1196.85202329,166.0,360.0,1.0,1,1,N
1,0,1,0,1,0,0,1,1,0,1,0,1,0,1,0,0,1,1,0,4058,151.26181378,111.0,360.0,1.0,1,1,Y
1,0,0,0,1,0,0,0,1,0,1,0,1,0,1,0,0,1,0,1,2816,2027.60165466,102.0,360.0,1.0,1,1,Y
1,0,0,1,1,0,0,0,1,0,1,0,1,0,1,0,0,1,1,0,3203,0.0,140.0,360.0,1.0,1,1,Y
1,0,0,1,1,1,0,1,1,0,1,0,1,0,1,0,0,1,1,0,4733,231.27707097,151.0,360.0,1.0,1,1,Y
1,0,0,0,0,0,1,0,0,0,1,1,0,0,1,0,0,1,0,1,3697,0.0,109.0,360.0,1.0,1,1,Y
0,1,1,0,1,1,1,1,1,0,1,1,0,0,1,0,0,1,0,1,4135,55.23296153,147.0,360.0,1.0,1,1,Y
1,0,0,0,1,0,0,1,1,0,1,0,1,0,1,0,0,1,0,1,1919,73.21304834,92.0,360.0,1.0,1,1,Y
1,0,0,0,0,0,0,0,1,0,1,0,1,0,1,0,0,1,0,1,4108,1962.80661055,121.0,360.0,1.0,1,1,Y
0,0,0,0,1,0,1,1,1,0,1,0,1,0,1,0,0,1,0,1,3485,100.44423053,112.0,360.0,1.0,1,1,Y
1,0,0,0,0,0,0,0,0,0,1,1,0,0,1,0,0,1,0,1,2524,0.0,96.0,360.0,1.0,1,1,Y
1,0,0,0,0,1,1,0,0,0,1,0,1,0,1,0,0,1,0,1,2930,1869.11529045,122.0,360.0,1.0,1,1,Y
0,0,0,0,0,1,1,0,0,0,1,1,0,0,1,0,0,1,0,1,4848,2039.71880407,104.0,360.0,1.0,1,1,Y
1,0,0,0,1,0,1,1,1,0,1,1,0,0,1,0,0,1,0,1,3091,0.0,118.0,360.0,1.0,1,1,N
1,1,0,1,1,0,0,0,0,0,1,0,0,0,1,0,0,1,0,1,4984,0.0,97.0,360.0,1.0,1,1,Y
1,1,0,0,1,0,0,0,0,0,1,0,1,0,1,0,1,1,0,1,3155,2343.93166267,58.0,360.0,1.0,1,1,Y
0,0,1,0,0,1,1,1,1,0,1,0,1,0,1,0,0,1,0,1,3526,1951.34014549,92.0,360.0,1.0,1,1,Y
0,0,0,0,1,0,0,1,1,0,1,0,1,0,0,1,0,1,0,1,4220,1441.38990684,157.0,360.0,1.0,1,1,Y
1,0,0,0,1,1,0,1,1,0,1,0,1,0,1,0,0,1,0,1,2387,2060.56220153,126.0,360.0,1.0,1,1,Y
0,1,1,0,1,0,1,1,0,0,1,0,1,0,1,0,0,1,0,1,3335,2712.63019016,183.0,360.0,1.0,1,1,Y
0,1,0,0,0,0,1,0,0,0,1,1,0,0,1,0,1,0,0,1,2206,1819.98855594,101.0,360.0,1.0,1,1,Y
1,1,0,0,0,1,0,0,1,0,1,0,1,0,1,0,0,1,0,1,2207,89.35154802,139.0,360.0,1.0,1,1,Y
0,0,0,1,1,1,0,0,1,0,1,0,1,0,1,0,0,1,0,1,3858,6.8251821,141.0,360.0,1.0,1,1,Y
1,0,0,0,0,0,1,0,0,0,1,1,0,0,1,0,0,1,0,1,2872,0.0,121.0,360.0,1.0,1,1,Y
1,0,0,0,0,1,1,1,1,0,1,0,1,0,1,0,0,1,0,1,3569,2627.4925464,185.0,360.0,1.0,1,1,Y
1,1,0,0,1,0,1,1,1,0,1,0,1,0,1,0,0,1,0,1,3406,0.0,170.0,360.0,1.0,1,1,Y
1,0,0,1,1,0,0,0,0,1,0,1,0,0,1,0,0,1,0,1,4081,260.76744601,108.0,360.0,1.0,1,1,Y
0,0,0,0,1,0,0,1,1,0,1,0,1,0,0,1,0,1,0,1,3863,79.84418508,130.0,360.0,1.0,1,1,Y
1,0,0,0,0,0,0,1,1,0,1,0,1,0,1,0,0,1,0,1,4325,66.8866822,115.0,360.0,1.0,1,1,Y
0,1,1,0,1,0,1,1,0,0,1,0,1,0,1,0,0,1,0,1,3177,2500.98390365,137.0,360.0,1.0,1,1,Y
0,0,0,0,0,0,1,1,0,0,1,0,1,0,1,0,0,1,0,1,2681,2431.37152038,108.0,360.0,1.0,1,1,Y
1,1,1,0,1,0,1,1,0,0,1,1,0,0,1,0,0,1,0,1,2854,1856.10797402,155.0,360.0,1.0,0,1,N
0,0,1,0,0,0,1,1,0,0,1,1,0,0,1,0,0,1,0,1,4607,130.74943956,185.0,360.0,1.0,1,1,N
1,1,0,0,0,1,0,0,1,0,1,0,1,0,1,0,0,0,0,1,1040,0.0,87.0,360.0,1.0,1,1,Y
0,0,1,0,0,0,1,1,0,0,1,1,0,0,1,0,0,1,0,1,1935,2010.72578391,151.0,360.0,1.0,1,1,Y
0,1,0,0,0,0,1,1,1,0,1,0,1,0,1,0,0,1,0,1,1844,2186.71528971,74.0,360.0,1.0,1,1,Y
1,0,0,0,1,1,0,1,1,0,1,0,1,0,0,0,0,1,0,1,4820,0.0,129.0,360.0,1.0,1,1,Y
1,0,0,0,1,0,0,1,0,0,1,1,0,0,1,0,0,1,0,1,2788,257.97040272,141.0,360.0,1.0,1,1,Y
1,1,0,0,1,0,1,1,1,1,0,1,0,0,1,0,0,1,0,1,2425,0.0,65.0,360.0,1.0,1,1,N
0,1,1,0,0,0,1,0,0,0,1,1,0,0,1,0,0,1,0,1,2045,1849.34696915,135.0,360.0,1.0,1,1,N
0,0,0,1,0,0,1,0,0,0,1,0,1,0,1,0,0,1,0,1,2784,133.1772899,145.0,360.0,1.0,1,0,Y
1,1,0,0,1,1,1,1,1,0,1,0,1,0,1,0,0,1,0,1,3007,1077.2783165,133.0,360.0,1.0,1,1,Y
1,0,0,0,0,0,1,0,0,0,1,1,0,0,1,0,0,1,0,1,2212,1908.70753496,99.0,360.0,1.0,1,1,Y
1,0,0,0,0,0,0,0,1,0,1,0,1,0,1,0,0,1,0,1,3276,0.0,107.0,360.0,1.0,1,1,Y
0,0,0,1,0,1,0,0,0,0,1,0,1,0,1,0,0,1,0,1,2968,1831.65215431,106.0,360.0,1.0,1,0,Y
1,1,0,0,1,0,0,0,1,0,1,0,1,0,1,0,0,1,0,1,3460,136.03565855,88.0,360.0,1.0,1,1,Y
1,1,0,0,1,0,1,1,1,0,1,0,1,0,1,0,1,0,0,1,3367,42.39655968,101.0,360.0,1.0,1,1,Y
1,1,0,0,0,1,0,0,1,0,1,0,1,0,1,0,0,1,0,1,3609,0.0,99.0,360.0,1.0,1,1,Y
0,0,1,1,1,0,0,0,1,0,0,1,0,0,1,0,0,1,0,1,3808,96.02202874,129.0,360.0,1.0,1,1,Y
1,0,0,1,0,1,0,0,1,0,1,0,1,0,1,0,0,1,0,1,2283,107.22664107,109.0,360.0,1.0,1,1,Y
1,0,0,0,0,1,0,1,1,0,1,0,1,0,0,1,0,1,0,1,3365,1210.03808239,103.0,360.0,1.0,1,1,Y
0,0,1,0,0,1,1,1,0,0,1,0,1,0,1,0,0,1,0,1,2703,1759.08455594,153.0,360.0,1.0,1,1,Y
0,0,0,1,1,1,1,0,0,0,1,0,1,0,1,0,0,1,0,1,2353,189.17724265,156.0,360.0,1.0,1,1,Y
1,1,0,0,1,0,0,0,1,0,1,0,1,0,1,0,0,1,0,1,3191,0.0,114.0,360.0,1.0,1,1,Y
0,0,1,1,0,1,0,0,0,0,1,0,1,0,1,0,0,1,0,1,4013,1473.57161064,133.0,360.0,1.0,1,1,Y
0,0,1,1,1,0,0,1,0,0,1,0,1,0,1,0,0,1,0,1,4525,0.0,139.0,360.0,1.0,1,1,Y
0,1,1,0,0,0,1,0,0,0,1,1,0,0,1,0,0,1,0,1,2649,0.0,148.0,360.0,1.0,1,1,N
1,1,0,0,0,0,1,0,1,0,1,1,0,0,1,0,0,1,0,1,5615,0.0,151.0,360.0,1.0,0,1,N
1,1,1,0,1,1,1,1,1,0,1,0,1,0,1,0,0,1,0,1,3161,2521.90756303,166.0,360.0,1.0,0,1,Y
0,0,0,0,1,0,1,1,0,0,1,0,1,0,1,0,0,1,0,1,3875,117.92804367,175.0,360.0,1.0,1,1,Y
1,0,0,1,0,0,0,0,1,0,1,1,0,0,1,0,0,1,0,1,2651,0.0,96.0,360.0,1.0,1,1,Y
1,1,1,0,1,1,1,1,1,0,1,0,1,0,1,0,0,1,0,1,3420,2078.85731675,90.0,360.0,1.0,0,1,N
0,0,1,1,0,1,0,1,1,0,1,0,1,0,1,1,0,1,0,1,3069,0.0,156.0,360.0,1.0,1,1,Y
0,0,0,0,1,0,1,1,1,0,1,0,1,0,1,0,0,1,0,1,3957,0.0,142.0,360.0,1.0,1,1,Y
0,0,0,1,1,0,1,1,0,0,1,1,0,0,1,0,0,1,0,1,3309,0.0,175.0,360.0,1.0,1,1,Y
0,0,0,0,0,0,1,1,0,0,1,0,1,0,1,0,0,1,0,1,4512,1839.12098042,106.0,360.0,1.0,1,1,Y
0,0,0,0,1,0,0,1,1,0,1,0,1,0,1,0,0,1,0,1,4489,74.90939773,139.0,360.0,1.0,1,0,Y
0,0,0,0,0,1,0,0,1,0,1,0,1,0,1,0,0,1,0,1,2087,12.03376155,153.0,360.0,1.0,1,1,Y
0,0,1,0,0,0,1,0,0,0,1,1,0,0,1,0,0,1,0,1,3453,2587.06348231,109.0,360.0,1.0,1,1,Y
1,1,1,0,0,0,1,0,0,0,1,1,0,0,1,0,0,1,0,1,4190,295.23344582,108.0,360.0,1.0,1,1,Y
0,0,1,0,1,1,0,1,0,0,1,0,1,0,1,0,0,1,0,1,4125,1928.31333906,55.0,360.0,1.0,1,1,Y
0,0,0,1,0,0,1,0,0,0,1,0,1,0,1,0,0,1,0,1,3152,0.0,161.0,360.0,1.0,1,0,Y
1,0,0,1,0,0,0,0,1,0,1,1,0,0,1,0,0,1,0,1,3353,324.51177328,86.0,360.0,1.0,1,1,Y
1,1,0,0,0,1,1,1,1,0,1,0,1,0,0,0,0,1,0,1,2589,1812.287538,190.0,360.0,1.0,1,1,Y
1,0,0,0,1,0,1,0,0,0,1,1,0,0,1,0,0,1,0,1,3922,0.0,116.0,360.0,1.0,1,1,Y
1,1,0,0,1,1,0,0,1,0,1,0,1,0,1,0,0,1,0,1,1401,1678.94772115,72.0,360.0,1.0,1,1,Y
1,1,0,0,1,0,0,1,1,0,1,1,0,0,1,0,0,1,0,1,3508,0.0,160.0,360.0,1.0,1,1,N
1,0,0,0,0,1,0,0,1,0,1,0,1,0,1,0,0,1,0,1,1642,1967.27023392,93.0,360.0,1.0,1,1,Y
1,0,0,0,1,0,0,0,0,0,1,1,0,0,1,0,0,1,0,1,4159,0.0,114.0,360.0,1.0,1,1,Y
0,0,0,0,1,0,1,1,1,0,1,1,0,0,1,0,0,1,0,1,4222,0.0,92.0,360.0,1.0,1,1,Y
1,0,1,0,0,1,1,0,0,0,1,0,1,0,1,0,0,1,0,1,1758,2093.96235494,130.0,360.0,1.0,1,1,Y
1,1,0,0,0,0,1,0,1,0,1,0,1,0,1,0,0,1,0,1,3251,1907.97732774,56.0,360.0,1.0,1,1,Y
1,0,0,0,0,1,1,1,0,0,1,0,1,0,1,0,0,1,0,1,1270,2021.77393769,60.0,360.0,1.0,1,1,Y
0,0,0,1,1,0,0,0,0,0,1,0,1,0,1,0,0,1,0,1,4135,20.5440384,89.0,360.0,1.0,1,1,Y
0,0,0,0,0,1,0,1,1,0,1,0,1,0,1,0,0,1,0,1,3062,1663.0403373,83.0,360.0,1.0,1,1,Y
0,0,0,0,0,0,1,0,0,0,1,0,1,0,1,0,0,1,0,1,622,1824.61466598,92.0,360.0,1.0,1,1,Y
0,0,0,0,1,0,0,1,0,0,1,0,1,0,1,0,1,0,0,1,3793,183.24496169,124.0,360.0,1.0,1,1,Y
1,1,0,0,1,0,0,1,1,0,1,0,1,0,1,0,0,1,0,1,2739,141.098417,160.0,360.0,1.0,1,1,Y
0,0,0,1,1,0,0,0,0,0,1,1,0,0,1,0,0,1,0,1,1745,61.70557618,151.0,360.0,1.0,1,1,Y
0,0,0,1,1,0,0,1,0,0,1,0,1,0,1,1,0,1,0,1,4042,0.0,136.0,360.0,1.0,1,0,Y
1,0,0,1,1,0,0,0,0,0,1,0,1,0,1,0,0,1,0,1,2576,0.0,67.0,360.0,1.0,1,1,Y
1,0,0,1,0,1,0,0,1,0,1,0,1,0,1,0,0,1,0,1,2400,2081.72604431,127.0,360.0,1.0,1,1,Y
0,0,1,1,1,1,1,1,0,0,1,0,1,0,1,0,0,1,0,1,3184,145.66378793,118.0,360.0,1.0,1,1,Y
1,0,0,1,0,0,0,0,1,0,1,0,1,0,1,0,0,1,0,1,3092,94.92323438,100.0,360.0,1.0,1,1,Y
1,1,0,0,0,1,0,1,1,0,1,0,1,0,0,1,0,1,0,1,2696,196.08781114,197.0,360.0,1.0,1,1,Y
1,1,0,0,0,1,1,1,1,0,1,0,1,0,1,0,0,1,0,1,3253,959.29048618,137.0,360.0,1.0,1,1,Y
0,0,1,1,0,1,1,0,0,0,1,0,1,0,1,0,0,1,0,1,5075,1007.46743487,136.0,360.0,1.0,1,0,Y
0,1,0,1,1,0,0,1,1,0,1,0,1,0,0,1,0,1,0,1,3849,98.55600287,130.0,360.0,1.0,1,0,Y
0,0,1,1,0,1,0,1,0,0,1,0,1,0,1,0,0,1,0,1,4771,0.0,111.0,360.0,1.0,1,1,Y
0,0,0,0,0,0,1,0,1,0,1,0,1,0,1,0,0,1,0,1,2843,0.0,59.0,360.0,1.0,1,0,Y
1,1,0,0,0,0,1,1,0,0,1,0,1,0,1,0,1,0,0,1,3500,1549.92214596,120.0,360.0,1.0,1,1,Y
1,0,0,0,0,0,0,0,1,0,1,0,1,0,1,0,0,1,0,1,994,135.15605264,66.0,360.0,1.0,1,1,Y
1,1,0,0,0,1,0,0,1,0,1,0,1,0,1,0,0,1,0,1,3541,2439.0887896,122.0,360.0,1.0,1,1,Y
0,0,1,1,1,0,0,1,0,0,1,0,1,0,1,1,0,1,0,1,3486,1463.70066642,165.0,360.0,1.0,1,0,Y
0,1,1,0,1,1,1,1,1,0,1,0,1,0,1,0,0,1,0,1,1620,2366.05179587,140.0,360.0,1.0,1,1,Y
1,0,0,1,1,0,0,0,0,0,1,1,0,0,1,0,0,1,0,1,3332,185.21786179,96.0,360.0,1.0,1,1,Y
0,0,0,0,0,0,1,1,0,0,1,0,1,0,1,0,0,1,0,1,3382,0.0,133.0,360.0,1.0,1,1,Y
0,0,0,0,1,0,0,1,1,0,1,0,1,0,1,0,0,1,0,1,3338,246.06702611,139.0,360.0,1.0,1,1,Y
0,0,0,1,1,0,0,0,0,0,1,0,1,0,1,0,0,1,0,1,4157,64.36158363,46.0,360.0,1.0,1,0,Y
0,0,0,1,0,0,0,0,0,0,1,0,1,0,1,1,0,1,0,1,3527,1095.79822087,69.0,360.0,1.0,1,0,Y
0,0,1,1,1,1,1,0,1,0,1,0,1,0,1,0,0,1,0,1,4606,54.62515629,134.0,360.0,1.0,1,1,Y
0,0,1,0,1,1,1,1,0,0,1,0,1,0,1,0,0,1,0,1,4430,1883.11501511,100.0,360.0,1.0,1,1,Y
0,0,1,0,1,1,1,0,0,0,1,0,1,0,1,0,0,1,0,1,3329,2044.9390304,92.0,360.0,1.0,1,1,Y
1,0,0,1,0,0,0,0,1,0,1,1,0,0,1,0,0,1,0,1,2594,0.0,64.0,360.0,1.0,1,1,Y
0,1,0,0,1,1,1,1,1,0,1,0,1,0,1,0,0,1,0,1,3155,304.14861226,114.0,360.0,1.0,1,1,Y
0,0,0,1,1,0,0,0,1,0,1,0,1,0,1,1,0,1,0,1,4273,0.0,147.0,360.0,1.0,1,0,Y
1,1,0,0,0,1,1,1,1,0,1,0,1,0,1,0,0,0,0,1,4925,1615.75039884,142.0,360.0,1.0,1,1,Y
1,1,0,0,0,1,0,1,0,0,1,0,1,0,1,0,0,1,0,1,1918,1914.17893606,154.0,360.0,1.0,1,1,Y
1,0,1,0,1,1,1,0,0,0,1,0,1,0,1,0,0,1,0,1,4915,2484.90330757,133.0,360.0,1.0,1,1,Y
0,0,0,1,0,0,0,0,0,0,1,0,1,0,1,0,0,1,0,1,4374,0.0,128.0,360.0,1.0,1,1,Y
1,1,0,0,0,1,0,0,1,0,1,0,1,0,1,0,0,1,0,1,150,2200.64509755,115.0,360.0,1.0,1,1,Y
0,0,1,1,1,0,1,0,0,0,1,1,0,0,1,0,0,1,0,1,2863,153.58238157,131.0,360.0,1.0,1,1,Y
1,0,0,0,0,0,1,0,1,0,1,0,1,0,1,0,1,0,0,1,2199,2194.95510677,135.0,360.0,1.0,1,1,Y
1,1,0,0,0,1,1,1,1,0,1,0,1,0,1,0,0,1,0,1,3007,2619.2370884,199.0,360.0,1.0,1,1,N
0,0,0,1,1,1,1,0,1,0,1,0,1,0,1,0,0,1,0,1,4151,280.20243367,128.0,360.0,1.0,1,1,Y
1,0,0,0,0,1,1,0,0,0,1,1,0,0,1,0,0,1,0,1,2685,192.50288855,105.0,360.0,1.0,1,1,Y
0,0,0,0,0,0,1,0,0,0,1,1,0,0,1,0,0,1,0,1,2801,2203.66409334,150.0,360.0,1.0,1,1,Y
0,0,1,0,0,1,1,0,0,0,1,1,0,0,1,0,0,1,0,1,3959,37.42329727,120.0,360.0,1.0,1,1,Y
0,0,0,1,0,0,1,1,0,0,1,0,1,0,1,0,0,1,0,1,2457,165.19452099,141.0,360.0,1.0,1,1,Y
0,0,1,0,1,1,0,1,0,0,1,0,1,0,1,0,0,1,0,1,4361,192.21979715,154.0,360.0,1.0,1,1,Y
0,0,0,0,0,0,1,0,0,0,1,0,1,0,1,0,0,1,0,1,2767,2446.10581974,120.0,360.0,1.0,1,1,Y
1,1,0,0,0,1,1,0,1,0,1,0,1,0,1,0,0,1,0,1,3741,2263.59962915,137.0,360.0,1.0,1,1,Y
1,0,0,0,1,0,1,0,0,0,1,1,0,0,1,0,0,1,0,1,3896,74.03010996,96.0,360.0,1.0,1,1,N
0,0,0,0,0,0,1,0,0,0,1,1,0,0,1,0,0,1,0,1,3511,2783.38827718,64.0,360.0,1.0,1,1,Y
1,0,0,0,0,1,0,0,1,0,1,0,1,0,1,0,0,1,0,1,2704,187.95315677,69.0,360.0,1.0,1,1,Y
0,0,1,1,1,1,0,0,0,0,1,0,1,0,1,0,0,1,0,1,5492,14.68623541,150.0,360.0,1.0,1,1,Y
