+----+--------------------+-----------------------+------------+-------------+----------+--------+-----------+-----------+--------------+---------+
|    | Model              | Dataset               |   Accuracy |   Precision |   Recall |     F1 |   AUC-ROC |   LogLoss |   CohenKappa |     MCC |
+====+====================+=======================+============+=============+==========+========+===========+===========+==============+=========+
|  1 | DecisionTree       | Anonymous             |     0.6785 |      0.6805 |   0.6785 | 0.6795 |    0.7283 |   11.1508 |       0.4788 |  0.4789 |
+----+--------------------+-----------------------+------------+-------------+----------+--------+-----------+-----------+--------------+---------+
|  2 | DecisionTree       | CTGAN_HYBRID          |     0.2974 |      0.2902 |   0.2974 | 0.2897 |    0.4244 |   25.3228 |      -0.1789 | -0.1814 |
+----+--------------------+-----------------------+------------+-------------+----------+--------+-----------+-----------+--------------+---------+
|  3 | DecisionTree       | GaussianCopula_HYBRID |     0.3117 |      0.3387 |   0.3117 | 0.318  |    0.4781 |   24.8072 |      -0.0526 | -0.0541 |
+----+--------------------+-----------------------+------------+-------------+----------+--------+-----------+-----------+--------------+---------+
|  0 | DecisionTree       | Original              |     0.6762 |      0.6978 |   0.6762 | 0.6851 |    0.7352 |   11.6708 |       0.4853 |  0.487  |
+----+--------------------+-----------------------+------------+-------------+----------+--------+-----------+-----------+--------------+---------+
|  4 | DecisionTree       | TVAE_HYBRID           |     0.5535 |      0.581  |   0.5535 | 0.5485 |    0.6456 |   14.8435 |       0.2954 |  0.3083 |
+----+--------------------+-----------------------+------------+-------------+----------+--------+-----------+-----------+--------------+---------+
|  6 | KNN                | Anonymous             |     0.7011 |      0.6869 |   0.7011 | 0.6913 |    0.8073 |    3.3654 |       0.5009 |  0.5034 |
+----+--------------------+-----------------------+------------+-------------+----------+--------+-----------+-----------+--------------+---------+
|  7 | KNN                | CTGAN_HYBRID          |     0.4465 |      0.3664 |   0.4465 | 0.3894 |    0.5011 |    7.1024 |      -0.0043 | -0.0048 |
+----+--------------------+-----------------------+------------+-------------+----------+--------+-----------+-----------+--------------+---------+
|  8 | KNN                | GaussianCopula_HYBRID |     0.4134 |      0.39   |   0.4134 | 0.3985 |    0.5241 |    5.1709 |       0.0084 |  0.0085 |
+----+--------------------+-----------------------+------------+-------------+----------+--------+-----------+-----------+--------------+---------+
|  5 | KNN                | Original              |     0.5798 |      0.5704 |   0.5798 | 0.5742 |    0.703  |    4.3475 |       0.306  |  0.3067 |
+----+--------------------+-----------------------+------------+-------------+----------+--------+-----------+-----------+--------------+---------+
|  9 | KNN                | TVAE_HYBRID           |     0.564  |      0.557  |   0.564  | 0.5579 |    0.6553 |   10.6891 |       0.2932 |  0.2948 |
+----+--------------------+-----------------------+------------+-------------+----------+--------+-----------+-----------+--------------+---------+
| 11 | LogisticRegression | Anonymous             |     0.7319 |      0.688  |   0.7319 | 0.6888 |    0.8535 |    0.6994 |       0.5356 |  0.5523 |
+----+--------------------+-----------------------+------------+-------------+----------+--------+-----------+-----------+--------------+---------+
| 12 | LogisticRegression | CTGAN_HYBRID          |     0.4992 |      0.41   |   0.4992 | 0.3338 |    0.5932 |    1.0867 |       0.0005 |  0.0062 |
+----+--------------------+-----------------------+------------+-------------+----------+--------+-----------+-----------+--------------+---------+
| 13 | LogisticRegression | GaussianCopula_HYBRID |     0.497  |      0.3043 |   0.497  | 0.346  |    0.6543 |    1.2654 |       0.0131 |  0.0365 |
+----+--------------------+-----------------------+------------+-------------+----------+--------+-----------+-----------+--------------+---------+
| 10 | LogisticRegression | Original              |     0.7756 |      0.7608 |   0.7756 | 0.7619 |    0.879  |    0.5821 |       0.6209 |  0.6275 |
+----+--------------------+-----------------------+------------+-------------+----------+--------+-----------+-----------+--------------+---------+
| 14 | LogisticRegression | TVAE_HYBRID           |     0.6182 |      0.6389 |   0.6182 | 0.5827 |    0.7771 |    2.7455 |       0.3806 |  0.4232 |
+----+--------------------+-----------------------+------------+-------------+----------+--------+-----------+-----------+--------------+---------+
| 16 | RandomForest       | Anonymous             |     0.7545 |      0.7345 |   0.7545 | 0.7355 |    0.8631 |    0.8131 |       0.5819 |  0.5909 |
+----+--------------------+-----------------------+------------+-------------+----------+--------+-----------+-----------+--------------+---------+
| 17 | RandomForest       | CTGAN_HYBRID          |     0.497  |      0.3369 |   0.497  | 0.3359 |    0.5372 |    1.1092 |      -0.0011 | -0.0052 |
+----+--------------------+-----------------------+------------+-------------+----------+--------+-----------+-----------+--------------+---------+
| 18 | RandomForest       | GaussianCopula_HYBRID |     0.5068 |      0.4654 |   0.5068 | 0.4418 |    0.5982 |    1.0118 |       0.114  |  0.1333 |
+----+--------------------+-----------------------+------------+-------------+----------+--------+-----------+-----------+--------------+---------+
| 15 | RandomForest       | Original              |     0.7733 |      0.759  |   0.7733 | 0.7582 |    0.8878 |    0.6    |       0.6157 |  0.6234 |
+----+--------------------+-----------------------+------------+-------------+----------+--------+-----------+-----------+--------------+---------+
| 19 | RandomForest       | TVAE_HYBRID           |     0.622  |      0.6092 |   0.622  | 0.5892 |    0.7801 |    2.1708 |       0.3853 |  0.4137 |
+----+--------------------+-----------------------+------------+-------------+----------+--------+-----------+-----------+--------------+---------+