+----+--------------------+----------------+------------+-------------+----------+--------+-----------+-----------+--------------+--------+
|    | Model              | Dataset        |   Accuracy |   Precision |   Recall |     F1 |   AUC-ROC |   LogLoss |   CohenKappa |    MCC |
+====+====================+================+============+=============+==========+========+===========+===========+==============+========+
|  1 | DecisionTree       | CTGAN          |     0.8533 |      0.8433 |   0.8533 | 0.8479 |    0.6119 |    5.2892 |       0.2396 | 0.2406 |
+----+--------------------+----------------+------------+-------------+----------+--------+-----------+-----------+--------------+--------+
|  2 | DecisionTree       | GaussianCopula |     0.7988 |      0.815  |   0.7988 | 0.8066 |    0.5561 |    7.2502 |       0.1033 | 0.1038 |
+----+--------------------+----------------+------------+-------------+----------+--------+-----------+-----------+--------------+--------+
|  0 | DecisionTree       | Original       |     0.8752 |      0.8755 |   0.8752 | 0.8753 |    0.6993 |    4.5    |       0.3975 | 0.3975 |
+----+--------------------+----------------+------------+-------------+----------+--------+-----------+-----------+--------------+--------+
|  3 | DecisionTree       | TVAE           |     0.8452 |      0.8806 |   0.8452 | 0.859  |    0.7451 |    5.5801 |       0.3955 | 0.4087 |
+----+--------------------+----------------+------------+-------------+----------+--------+-----------+-----------+--------------+--------+
|  5 | KNN                | CTGAN          |     0.882  |      0.843  |   0.882  | 0.8452 |    0.6532 |    2.076  |       0.1218 | 0.1711 |
+----+--------------------+----------------+------------+-------------+----------+--------+-----------+-----------+--------------+--------+
|  6 | KNN                | GaussianCopula |     0.8776 |      0.8204 |   0.8776 | 0.8339 |    0.604  |    2.0311 |       0.0494 | 0.0804 |
+----+--------------------+----------------+------------+-------------+----------+--------+-----------+-----------+--------------+--------+
|  4 | KNN                | Original       |     0.8821 |      0.8614 |   0.8821 | 0.8678 |    0.753  |    1.5055 |       0.3004 | 0.3144 |
+----+--------------------+----------------+------------+-------------+----------+--------+-----------+-----------+--------------+--------+
|  7 | KNN                | TVAE           |     0.8466 |      0.8703 |   0.8466 | 0.8567 |    0.7995 |    2.0628 |       0.3602 | 0.3662 |
+----+--------------------+----------------+------------+-------------+----------+--------+-----------+-----------+--------------+--------+
|  9 | LogisticRegression | CTGAN          |     0.8937 |      0.8735 |   0.8937 | 0.8669 |    0.7825 |    0.3102 |       0.2569 | 0.3155 |
+----+--------------------+----------------+------------+-------------+----------+--------+-----------+-----------+--------------+--------+
| 10 | LogisticRegression | GaussianCopula |     0.8821 |      0.8269 |   0.8821 | 0.8308 |    0.8757 |    0.3016 |       0.0194 | 0.0561 |
+----+--------------------+----------------+------------+-------------+----------+--------+-----------+-----------+--------------+--------+
|  8 | LogisticRegression | Original       |     0.9009 |      0.8857 |   0.9009 | 0.8866 |    0.8977 |    0.2487 |       0.3931 | 0.4191 |
+----+--------------------+----------------+------------+-------------+----------+--------+-----------+-----------+--------------+--------+
| 11 | LogisticRegression | TVAE           |     0.8734 |      0.8903 |   0.8734 | 0.8804 |    0.8863 |    0.4006 |       0.4585 | 0.4638 |
+----+--------------------+----------------+------------+-------------+----------+--------+-----------+-----------+--------------+--------+
| 13 | RandomForest       | CTGAN          |     0.8952 |      0.8771 |   0.8952 | 0.8677 |    0.7995 |    0.3403 |       0.2595 | 0.3243 |
+----+--------------------+----------------+------------+-------------+----------+--------+-----------+-----------+--------------+--------+
| 14 | RandomForest       | GaussianCopula |     0.8831 |      0.8968 |   0.8831 | 0.8284 |    0.8232 |    0.3011 |       0.0017 | 0.0289 |
+----+--------------------+----------------+------------+-------------+----------+--------+-----------+-----------+--------------+--------+
| 12 | RandomForest       | Original       |     0.9048 |      0.8918 |   0.9048 | 0.8932 |    0.9274 |    0.2208 |       0.4347 | 0.4551 |
+----+--------------------+----------------+------------+-------------+----------+--------+-----------+-----------+--------------+--------+
| 15 | RandomForest       | TVAE           |     0.869  |      0.8905 |   0.869  | 0.8776 |    0.8842 |    0.3712 |       0.4546 | 0.4623 |
+----+--------------------+----------------+------------+-------------+----------+--------+-----------+-----------+--------------+--------+