+----+--------------------+-----------------------+------------+-------------+----------+--------+-----------+-----------+--------------+---------+
|    | Model              | Dataset               |   Accuracy |   Precision |   Recall |     F1 |   AUC-ROC |   LogLoss |   CohenKappa |     MCC |
+====+====================+=======================+============+=============+==========+========+===========+===========+==============+=========+
|  1 | DecisionTree       | Anonymous             |     0.6732 |      0.6787 |   0.6732 | 0.6758 |    0.727  |   11.3145 |       0.4727 |  0.4729 |
+----+--------------------+-----------------------+------------+-------------+----------+--------+-----------+-----------+--------------+---------+
|  2 | DecisionTree       | CTGAN_HYBRID          |     0.4367 |      0.4005 |   0.4367 | 0.4104 |    0.5109 |   20.3017 |       0.0248 |  0.0255 |
+----+--------------------+-----------------------+------------+-------------+----------+--------+-----------+-----------+--------------+---------+
|  3 | DecisionTree       | GaussianCopula_HYBRID |     0.4255 |      0.4343 |   0.4255 | 0.4289 |    0.5358 |   20.7088 |       0.0772 |  0.0775 |
+----+--------------------+-----------------------+------------+-------------+----------+--------+-----------+-----------+--------------+---------+
|  0 | DecisionTree       | Original              |     0.6792 |      0.6998 |   0.6792 | 0.6877 |    0.7382 |   11.5622 |       0.4901 |  0.4918 |
+----+--------------------+-----------------------+------------+-------------+----------+--------+-----------+-----------+--------------+---------+
|  4 | DecisionTree       | TVAE_HYBRID           |     0.5941 |      0.6056 |   0.5941 | 0.5755 |    0.6544 |   13.8657 |       0.3478 |  0.369  |
+----+--------------------+-----------------------+------------+-------------+----------+--------+-----------+-----------+--------------+---------+
|  6 | KNN                | Anonymous             |     0.6898 |      0.6767 |   0.6898 | 0.6815 |    0.8014 |    3.5569 |       0.4846 |  0.4862 |
+----+--------------------+-----------------------+------------+-------------+----------+--------+-----------+-----------+--------------+---------+
|  7 | KNN                | CTGAN_HYBRID          |     0.4699 |      0.3894 |   0.4699 | 0.4051 |    0.4988 |    7.5885 |       0.0287 |  0.0328 |
+----+--------------------+-----------------------+------------+-------------+----------+--------+-----------+-----------+--------------+---------+
|  8 | KNN                | GaussianCopula_HYBRID |     0.4465 |      0.4071 |   0.4465 | 0.4191 |    0.5139 |    6.3439 |       0.0443 |  0.0457 |
+----+--------------------+-----------------------+------------+-------------+----------+--------+-----------+-----------+--------------+---------+
|  5 | KNN                | Original              |     0.5798 |      0.5704 |   0.5798 | 0.5742 |    0.703  |    4.3475 |       0.306  |  0.3067 |
+----+--------------------+-----------------------+------------+-------------+----------+--------+-----------+-----------+--------------+---------+
|  9 | KNN                | TVAE_HYBRID           |     0.5708 |      0.5473 |   0.5708 | 0.5445 |    0.6648 |    9.587  |       0.2837 |  0.2928 |
+----+--------------------+-----------------------+------------+-------------+----------+--------+-----------+-----------+--------------+---------+
| 11 | LogisticRegression | Anonymous             |     0.738  |      0.7079 |   0.738  | 0.7136 |    0.8604 |    0.6241 |       0.5542 |  0.5624 |
+----+--------------------+-----------------------+------------+-------------+----------+--------+-----------+-----------+--------------+---------+
| 12 | LogisticRegression | CTGAN_HYBRID          |     0.5023 |      0.5001 |   0.5023 | 0.343  |    0.5764 |    1.0923 |       0.0089 |  0.0465 |
+----+--------------------+-----------------------+------------+-------------+----------+--------+-----------+-----------+--------------+---------+
| 13 | LogisticRegression | GaussianCopula_HYBRID |     0.5023 |      0.3689 |   0.5023 | 0.3474 |    0.6231 |    0.9923 |       0.0221 |  0.0598 |
+----+--------------------+-----------------------+------------+-------------+----------+--------+-----------+-----------+--------------+---------+
| 10 | LogisticRegression | Original              |     0.7756 |      0.7608 |   0.7756 | 0.7619 |    0.879  |    0.5821 |       0.6209 |  0.6275 |
+----+--------------------+-----------------------+------------+-------------+----------+--------+-----------+-----------+--------------+---------+
| 14 | LogisticRegression | TVAE_HYBRID           |     0.622  |      0.601  |   0.622  | 0.5899 |    0.7421 |    1.6914 |       0.3614 |  0.3724 |
+----+--------------------+-----------------------+------------+-------------+----------+--------+-----------+-----------+--------------+---------+
| 16 | RandomForest       | Anonymous             |     0.756  |      0.7383 |   0.756  | 0.742  |    0.8703 |    0.8255 |       0.589  |  0.5942 |
+----+--------------------+-----------------------+------------+-------------+----------+--------+-----------+-----------+--------------+---------+
| 17 | RandomForest       | CTGAN_HYBRID          |     0.4819 |      0.2872 |   0.4819 | 0.3317 |    0.5389 |    1.265  |      -0.0239 | -0.0646 |
+----+--------------------+-----------------------+------------+-------------+----------+--------+-----------+-----------+--------------+---------+
| 18 | RandomForest       | GaussianCopula_HYBRID |     0.5068 |      0.4235 |   0.5068 | 0.4132 |    0.6441 |    0.976  |       0.0708 |  0.0938 |
+----+--------------------+-----------------------+------------+-------------+----------+--------+-----------+-----------+--------------+---------+
| 15 | RandomForest       | Original              |     0.7748 |      0.7599 |   0.7748 | 0.7583 |    0.8915 |    0.5953 |       0.6175 |  0.6259 |
+----+--------------------+-----------------------+------------+-------------+----------+--------+-----------+-----------+--------------+---------+
| 19 | RandomForest       | TVAE_HYBRID           |     0.6032 |      0.5827 |   0.6032 | 0.5611 |    0.7577 |    2.6354 |       0.3541 |  0.3942 |
+----+--------------------+-----------------------+------------+-------------+----------+--------+-----------+-----------+--------------+---------+