+----+--------------------+-----------------------+------------+-------------+----------+--------+-----------+-----------+--------------+---------+
|    | Model              | Dataset               |   Accuracy |   Precision |   Recall |     F1 |   AUC-ROC |   LogLoss |   CohenKappa |     MCC |
+====+====================+=======================+============+=============+==========+========+===========+===========+==============+=========+
|  1 | DecisionTree       | Anonymous             |     0.8237 |      0.8192 |   0.8237 | 0.8214 |    0.5547 |    6.1863 |       0.1246 |  0.1247 |
+----+--------------------+-----------------------+------------+-------------+----------+--------+-----------+-----------+--------------+---------+
|  2 | DecisionTree       | CTGAN_HYBRID          |     0.6982 |      0.8023 |   0.6982 | 0.7415 |    0.5238 |   10.7651 |       0.0346 |  0.0385 |
+----+--------------------+-----------------------+------------+-------------+----------+--------+-----------+-----------+--------------+---------+
|  3 | DecisionTree       | GaussianCopula_HYBRID |     0.8056 |      0.801  |   0.8056 | 0.8033 |    0.5181 |    7.007  |       0.037  |  0.037  |
+----+--------------------+-----------------------+------------+-------------+----------+--------+-----------+-----------+--------------+---------+
|  0 | DecisionTree       | Original              |     0.8712 |      0.8726 |   0.8712 | 0.8719 |    0.6938 |    4.6435 |       0.3833 |  0.3833 |
+----+--------------------+-----------------------+------------+-------------+----------+--------+-----------+-----------+--------------+---------+
|  4 | DecisionTree       | TVAE_HYBRID           |     0.7971 |      0.8106 |   0.7971 | 0.8036 |    0.543  |    7.2627 |       0.0829 |  0.0832 |
+----+--------------------+-----------------------+------------+-------------+----------+--------+-----------+-----------+--------------+---------+
|  6 | KNN                | Anonymous             |     0.8779 |      0.8378 |   0.8779 | 0.8459 |    0.6074 |    2.1672 |       0.1376 |  0.172  |
+----+--------------------+-----------------------+------------+-------------+----------+--------+-----------+-----------+--------------+---------+
|  7 | KNN                | CTGAN_HYBRID          |     0.816  |      0.8044 |   0.816  | 0.81   |    0.532  |    1.4838 |       0.0527 |  0.0529 |
+----+--------------------+-----------------------+------------+-------------+----------+--------+-----------+-----------+--------------+---------+
|  8 | KNN                | GaussianCopula_HYBRID |     0.8758 |      0.7966 |   0.8758 | 0.8271 |    0.517  |    2.6062 |       0.0042 |  0.0081 |
+----+--------------------+-----------------------+------------+-------------+----------+--------+-----------+-----------+--------------+---------+
|  5 | KNN                | Original              |     0.8821 |      0.8614 |   0.8821 | 0.8678 |    0.753  |    1.5055 |       0.3004 |  0.3144 |
+----+--------------------+-----------------------+------------+-------------+----------+--------+-----------+-----------+--------------+---------+
|  9 | KNN                | TVAE_HYBRID           |     0.8675 |      0.8245 |   0.8675 | 0.8391 |    0.5742 |    2.4031 |       0.113  |  0.1305 |
+----+--------------------+-----------------------+------------+-------------+----------+--------+-----------+-----------+--------------+---------+
| 11 | LogisticRegression | Anonymous             |     0.8829 |      0.8266 |   0.8829 | 0.8285 |    0.6905 |    0.3383 |       0.0027 |  0.0207 |
+----+--------------------+-----------------------+------------+-------------+----------+--------+-----------+-----------+--------------+---------+
| 12 | LogisticRegression | CTGAN_HYBRID          |     0.8753 |      0.8031 |   0.8753 | 0.8285 |    0.6399 |    0.3994 |       0.0151 |  0.0267 |
+----+--------------------+-----------------------+------------+-------------+----------+--------+-----------+-----------+--------------+---------+
| 13 | LogisticRegression | GaussianCopula_HYBRID |     0.8829 |      0.7797 |   0.8829 | 0.8281 |    0.6288 |    0.3549 |      -0.0002 | -0.0038 |
+----+--------------------+-----------------------+------------+-------------+----------+--------+-----------+-----------+--------------+---------+
| 10 | LogisticRegression | Original              |     0.9009 |      0.8857 |   0.9009 | 0.8866 |    0.8977 |    0.2487 |       0.3931 |  0.4191 |
+----+--------------------+-----------------------+------------+-------------+----------+--------+-----------+-----------+--------------+---------+
| 14 | LogisticRegression | TVAE_HYBRID           |     0.8736 |      0.801  |   0.8736 | 0.8278 |    0.6466 |    0.3743 |       0.0132 |  0.0221 |
+----+--------------------+-----------------------+------------+-------------+----------+--------+-----------+-----------+--------------+---------+
| 16 | RandomForest       | Anonymous             |     0.8441 |      0.8205 |   0.8441 | 0.8311 |    0.6646 |    1.0884 |       0.1256 |  0.1284 |
+----+--------------------+-----------------------+------------+-------------+----------+--------+-----------+-----------+--------------+---------+
| 17 | RandomForest       | CTGAN_HYBRID          |     0.7358 |      0.7933 |   0.7358 | 0.762  |    0.5794 |    0.8067 |      -0.0002 | -0.0002 |
+----+--------------------+-----------------------+------------+-------------+----------+--------+-----------+-----------+--------------+---------+
| 18 | RandomForest       | GaussianCopula_HYBRID |     0.8779 |      0.7933 |   0.8779 | 0.827  |    0.6035 |    0.6502 |      -0      | -0.0001 |
+----+--------------------+-----------------------+------------+-------------+----------+--------+-----------+-----------+--------------+---------+
| 15 | RandomForest       | Original              |     0.9062 |      0.8936 |   0.9062 | 0.8944 |    0.9272 |    0.2178 |       0.4401 |  0.4621 |
+----+--------------------+-----------------------+------------+-------------+----------+--------+-----------+-----------+--------------+---------+
| 19 | RandomForest       | TVAE_HYBRID           |     0.828  |      0.8095 |   0.828  | 0.8183 |    0.6216 |    1.2269 |       0.0765 |  0.0773 |
+----+--------------------+-----------------------+------------+-------------+----------+--------+-----------+-----------+--------------+---------+