+----+--------------------+-----------------------+------------+-------------+----------+--------+-----------+-----------+--------------+---------+
|    | Model              | Dataset               |   Accuracy |   Precision |   Recall |     F1 |   AUC-ROC |   LogLoss |   CohenKappa |     MCC |
+====+====================+=======================+============+=============+==========+========+===========+===========+==============+=========+
|  1 | DecisionTree       | Anonymous             |     0.6777 |      0.6887 |   0.6777 | 0.6826 |    0.7315 |   11.6165 |       0.4824 |  0.4829 |
+----+--------------------+-----------------------+------------+-------------+----------+--------+-----------+-----------+--------------+---------+
|  2 | DecisionTree       | CTGAN_HYBRID          |     0.3976 |      0.4064 |   0.3976 | 0.3872 |    0.5133 |   21.713  |       0.0303 |  0.032  |
+----+--------------------+-----------------------+------------+-------------+----------+--------+-----------+-----------+--------------+---------+
|  3 | DecisionTree       | GaussianCopula_HYBRID |     0.4405 |      0.4414 |   0.4405 | 0.4403 |    0.5373 |   20.166  |       0.0901 |  0.0903 |
+----+--------------------+-----------------------+------------+-------------+----------+--------+-----------+-----------+--------------+---------+
|  0 | DecisionTree       | Original              |     0.6837 |      0.7036 |   0.6837 | 0.6918 |    0.7421 |   11.3993 |       0.4969 |  0.4985 |
+----+--------------------+-----------------------+------------+-------------+----------+--------+-----------+-----------+--------------+---------+
|  4 | DecisionTree       | TVAE_HYBRID           |     0.5896 |      0.6003 |   0.5896 | 0.5905 |    0.6611 |   14.792  |       0.344  |  0.3472 |
+----+--------------------+-----------------------+------------+-------------+----------+--------+-----------+-----------+--------------+---------+
|  6 | KNN                | Anonymous             |     0.5685 |      0.5439 |   0.5685 | 0.5522 |    0.6693 |    5.5269 |       0.2702 |  0.2733 |
+----+--------------------+-----------------------+------------+-------------+----------+--------+-----------+-----------+--------------+---------+
|  7 | KNN                | CTGAN_HYBRID          |     0.4608 |      0.4086 |   0.4608 | 0.408  |    0.5366 |    9.1975 |       0.0256 |  0.0288 |
+----+--------------------+-----------------------+------------+-------------+----------+--------+-----------+-----------+--------------+---------+
|  8 | KNN                | GaussianCopula_HYBRID |     0.4006 |      0.385  |   0.4006 | 0.391  |    0.5113 |    5.1653 |      -0.0014 | -0.0014 |
+----+--------------------+-----------------------+------------+-------------+----------+--------+-----------+-----------+--------------+---------+
|  5 | KNN                | Original              |     0.5798 |      0.5704 |   0.5798 | 0.5742 |    0.703  |    4.3475 |       0.306  |  0.3067 |
+----+--------------------+-----------------------+------------+-------------+----------+--------+-----------+-----------+--------------+---------+
|  9 | KNN                | TVAE_HYBRID           |     0.5301 |      0.5175 |   0.5301 | 0.5231 |    0.6402 |    5.8035 |       0.2234 |  0.2239 |
+----+--------------------+-----------------------+------------+-------------+----------+--------+-----------+-----------+--------------+---------+
| 11 | LogisticRegression | Anonymous             |     0.741  |      0.7147 |   0.741  | 0.7124 |    0.8342 |    0.9299 |       0.5598 |  0.5698 |
+----+--------------------+-----------------------+------------+-------------+----------+--------+-----------+-----------+--------------+---------+
| 12 | LogisticRegression | CTGAN_HYBRID          |     0.6453 |      0.5891 |   0.6453 | 0.5808 |    0.6925 |    1.1162 |       0.3655 |  0.3922 |
+----+--------------------+-----------------------+------------+-------------+----------+--------+-----------+-----------+--------------+---------+
| 13 | LogisticRegression | GaussianCopula_HYBRID |     0.5354 |      0.497  |   0.5354 | 0.45   |    0.6811 |    0.9676 |       0.1258 |  0.1678 |
+----+--------------------+-----------------------+------------+-------------+----------+--------+-----------+-----------+--------------+---------+
| 10 | LogisticRegression | Original              |     0.7756 |      0.7608 |   0.7756 | 0.7619 |    0.879  |    0.5821 |       0.6209 |  0.6275 |
+----+--------------------+-----------------------+------------+-------------+----------+--------+-----------+-----------+--------------+---------+
| 14 | LogisticRegression | TVAE_HYBRID           |     0.6649 |      0.6581 |   0.6649 | 0.6485 |    0.7845 |    1.3727 |       0.452  |  0.4634 |
+----+--------------------+-----------------------+------------+-------------+----------+--------+-----------+-----------+--------------+---------+
| 16 | RandomForest       | Anonymous             |     0.7703 |      0.7538 |   0.7703 | 0.7555 |    0.8829 |    0.591  |       0.6118 |  0.6183 |
+----+--------------------+-----------------------+------------+-------------+----------+--------+-----------+-----------+--------------+---------+
| 17 | RandomForest       | CTGAN_HYBRID          |     0.6514 |      0.5387 |   0.6514 | 0.5847 |    0.6719 |    0.9307 |       0.3733 |  0.4039 |
+----+--------------------+-----------------------+------------+-------------+----------+--------+-----------+-----------+--------------+---------+
| 18 | RandomForest       | GaussianCopula_HYBRID |     0.5166 |      0.4639 |   0.5166 | 0.4224 |    0.6156 |    0.9888 |       0.0816 |  0.114  |
+----+--------------------+-----------------------+------------+-------------+----------+--------+-----------+-----------+--------------+---------+
| 15 | RandomForest       | Original              |     0.7771 |      0.7611 |   0.7771 | 0.7612 |    0.8879 |    0.5994 |       0.6222 |  0.6298 |
+----+--------------------+-----------------------+------------+-------------+----------+--------+-----------+-----------+--------------+---------+
| 19 | RandomForest       | TVAE_HYBRID           |     0.6822 |      0.6505 |   0.6822 | 0.6519 |    0.8276 |    0.7684 |       0.4715 |  0.4844 |
+----+--------------------+-----------------------+------------+-------------+----------+--------+-----------+-----------+--------------+---------+