+----+--------------------+-----------------------+------------+-------------+----------+--------+-----------+-----------+--------------+---------+
|    | Model              | Dataset               |   Accuracy |   Precision |   Recall |     F1 |   AUC-ROC |   LogLoss |   CohenKappa |     MCC |
+====+====================+=======================+============+=============+==========+========+===========+===========+==============+=========+
|  1 | DecisionTree       | Anonymous             |     0.6762 |      0.6882 |   0.6762 | 0.6815 |    0.7305 |   11.6708 |       0.481  |  0.4816 |
+----+--------------------+-----------------------+------------+-------------+----------+--------+-----------+-----------+--------------+---------+
|  2 | DecisionTree       | CTGAN_HYBRID          |     0.3682 |      0.4253 |   0.3682 | 0.3669 |    0.5227 |   22.7716 |       0.0451 |  0.0488 |
+----+--------------------+-----------------------+------------+-------------+----------+--------+-----------+-----------+--------------+---------+
|  3 | DecisionTree       | GaussianCopula_HYBRID |     0.4337 |      0.4373 |   0.4337 | 0.4349 |    0.5337 |   20.4103 |       0.0826 |  0.0828 |
+----+--------------------+-----------------------+------------+-------------+----------+--------+-----------+-----------+--------------+---------+
|  0 | DecisionTree       | Original              |     0.6845 |      0.7022 |   0.6845 | 0.6918 |    0.7415 |   11.3722 |       0.497  |  0.4984 |
+----+--------------------+-----------------------+------------+-------------+----------+--------+-----------+-----------+--------------+---------+
|  4 | DecisionTree       | TVAE_HYBRID           |     0.57   |      0.5952 |   0.57   | 0.5669 |    0.6507 |   15.4977 |       0.3205 |  0.3319 |
+----+--------------------+-----------------------+------------+-------------+----------+--------+-----------+-----------+--------------+---------+
|  6 | KNN                | Anonymous             |     0.5685 |      0.5439 |   0.5685 | 0.5522 |    0.6693 |    5.5269 |       0.2702 |  0.2733 |
+----+--------------------+-----------------------+------------+-------------+----------+--------+-----------+-----------+--------------+---------+
|  7 | KNN                | CTGAN_HYBRID          |     0.3923 |      0.4567 |   0.3923 | 0.3935 |    0.5567 |    5.7073 |       0.0932 |  0.1001 |
+----+--------------------+-----------------------+------------+-------------+----------+--------+-----------+-----------+--------------+---------+
|  8 | KNN                | GaussianCopula_HYBRID |     0.4006 |      0.385  |   0.4006 | 0.391  |    0.5113 |    5.1653 |      -0.0014 | -0.0014 |
+----+--------------------+-----------------------+------------+-------------+----------+--------+-----------+-----------+--------------+---------+
|  5 | KNN                | Original              |     0.5798 |      0.5704 |   0.5798 | 0.5742 |    0.703  |    4.3475 |       0.306  |  0.3067 |
+----+--------------------+-----------------------+------------+-------------+----------+--------+-----------+-----------+--------------+---------+
|  9 | KNN                | TVAE_HYBRID           |     0.506  |      0.4842 |   0.506  | 0.4904 |    0.6243 |    5.8476 |       0.1827 |  0.1851 |
+----+--------------------+-----------------------+------------+-------------+----------+--------+-----------+-----------+--------------+---------+
| 11 | LogisticRegression | Anonymous             |     0.741  |      0.7147 |   0.741  | 0.7124 |    0.8342 |    0.9299 |       0.5598 |  0.5698 |
+----+--------------------+-----------------------+------------+-------------+----------+--------+-----------+-----------+--------------+---------+
| 12 | LogisticRegression | CTGAN_HYBRID          |     0.363  |      0.4706 |   0.363  | 0.293  |    0.6101 |    1.3529 |       0.0445 |  0.0694 |
+----+--------------------+-----------------------+------------+-------------+----------+--------+-----------+-----------+--------------+---------+
| 13 | LogisticRegression | GaussianCopula_HYBRID |     0.5354 |      0.497  |   0.5354 | 0.45   |    0.6811 |    0.9676 |       0.1258 |  0.1678 |
+----+--------------------+-----------------------+------------+-------------+----------+--------+-----------+-----------+--------------+---------+
| 10 | LogisticRegression | Original              |     0.7756 |      0.7608 |   0.7756 | 0.7619 |    0.879  |    0.5821 |       0.6209 |  0.6275 |
+----+--------------------+-----------------------+------------+-------------+----------+--------+-----------+-----------+--------------+---------+
| 14 | LogisticRegression | TVAE_HYBRID           |     0.6852 |      0.6654 |   0.6852 | 0.6507 |    0.7945 |    1.2447 |       0.4747 |  0.4923 |
+----+--------------------+-----------------------+------------+-------------+----------+--------+-----------+-----------+--------------+---------+
| 16 | RandomForest       | Anonymous             |     0.7741 |      0.7572 |   0.7741 | 0.7591 |    0.8825 |    0.5936 |       0.6184 |  0.6247 |
+----+--------------------+-----------------------+------------+-------------+----------+--------+-----------+-----------+--------------+---------+
| 17 | RandomForest       | CTGAN_HYBRID          |     0.4458 |      0.5229 |   0.4458 | 0.3936 |    0.6677 |    1.0437 |       0.1447 |  0.1963 |
+----+--------------------+-----------------------+------------+-------------+----------+--------+-----------+-----------+--------------+---------+
| 18 | RandomForest       | GaussianCopula_HYBRID |     0.5105 |      0.4809 |   0.5105 | 0.4093 |    0.6339 |    0.9794 |       0.0623 |  0.0916 |
+----+--------------------+-----------------------+------------+-------------+----------+--------+-----------+-----------+--------------+---------+
| 15 | RandomForest       | Original              |     0.7696 |      0.7538 |   0.7696 | 0.754  |    0.8878 |    0.6031 |       0.6092 |  0.617  |
+----+--------------------+-----------------------+------------+-------------+----------+--------+-----------+-----------+--------------+---------+
| 19 | RandomForest       | TVAE_HYBRID           |     0.6664 |      0.6526 |   0.6664 | 0.6254 |    0.8258 |    0.8172 |       0.4467 |  0.4751 |
+----+--------------------+-----------------------+------------+-------------+----------+--------+-----------+-----------+--------------+---------+