+----+--------------------+-----------------------+------------+-------------+----------+--------+-----------+-----------+--------------+---------+
|    | Model              | Dataset               |   Accuracy |   Precision |   Recall |     F1 |   AUC-ROC |   LogLoss |   CohenKappa |     MCC |
+====+====================+=======================+============+=============+==========+========+===========+===========+==============+=========+
|  1 | DecisionTree       | Anonymous             |     0.6792 |      0.6834 |   0.6792 | 0.6812 |    0.7321 |   11.0176 |       0.4815 |  0.4816 |
+----+--------------------+-----------------------+------------+-------------+----------+--------+-----------+-----------+--------------+---------+
|  2 | DecisionTree       | CTGAN_HYBRID          |     0.3697 |      0.3812 |   0.3697 | 0.3654 |    0.4872 |   22.7173 |      -0.0228 | -0.0234 |
+----+--------------------+-----------------------+------------+-------------+----------+--------+-----------+-----------+--------------+---------+
|  3 | DecisionTree       | GaussianCopula_HYBRID |     0.4157 |      0.4182 |   0.4157 | 0.4157 |    0.5227 |   21.0617 |       0.0516 |  0.0518 |
+----+--------------------+-----------------------+------------+-------------+----------+--------+-----------+-----------+--------------+---------+
|  0 | DecisionTree       | Original              |     0.6852 |      0.7002 |   0.6852 | 0.6915 |    0.7403 |   11.3451 |       0.4964 |  0.4975 |
+----+--------------------+-----------------------+------------+-------------+----------+--------+-----------+-----------+--------------+---------+
|  4 | DecisionTree       | TVAE_HYBRID           |     0.5745 |      0.6201 |   0.5745 | 0.5751 |    0.6689 |   14.4464 |       0.337  |  0.3525 |
+----+--------------------+-----------------------+------------+-------------+----------+--------+-----------+-----------+--------------+---------+
|  6 | KNN                | Anonymous             |     0.6898 |      0.6767 |   0.6898 | 0.6815 |    0.8014 |    3.5569 |       0.4846 |  0.4862 |
+----+--------------------+-----------------------+------------+-------------+----------+--------+-----------+-----------+--------------+---------+
|  7 | KNN                | CTGAN_HYBRID          |     0.4608 |      0.382  |   0.4608 | 0.3769 |    0.4895 |    8.2922 |       0.0006 |  0.0007 |
+----+--------------------+-----------------------+------------+-------------+----------+--------+-----------+-----------+--------------+---------+
|  8 | KNN                | GaussianCopula_HYBRID |     0.4465 |      0.4071 |   0.4465 | 0.4191 |    0.5139 |    6.3439 |       0.0443 |  0.0457 |
+----+--------------------+-----------------------+------------+-------------+----------+--------+-----------+-----------+--------------+---------+
|  5 | KNN                | Original              |     0.5798 |      0.5704 |   0.5798 | 0.5742 |    0.703  |    4.3475 |       0.306  |  0.3067 |
+----+--------------------+-----------------------+------------+-------------+----------+--------+-----------+-----------+--------------+---------+
|  9 | KNN                | TVAE_HYBRID           |     0.5693 |      0.5646 |   0.5693 | 0.5586 |    0.6859 |    8.3878 |       0.3001 |  0.3057 |
+----+--------------------+-----------------------+------------+-------------+----------+--------+-----------+-----------+--------------+---------+
| 11 | LogisticRegression | Anonymous             |     0.738  |      0.7079 |   0.738  | 0.7136 |    0.8604 |    0.6241 |       0.5542 |  0.5624 |
+----+--------------------+-----------------------+------------+-------------+----------+--------+-----------+-----------+--------------+---------+
| 12 | LogisticRegression | CTGAN_HYBRID          |     0.4992 |      0.2492 |   0.4992 | 0.3325 |    0.4764 |    1.0905 |       0      |  0      |
+----+--------------------+-----------------------+------------+-------------+----------+--------+-----------+-----------+--------------+---------+
| 13 | LogisticRegression | GaussianCopula_HYBRID |     0.5023 |      0.3689 |   0.5023 | 0.3474 |    0.6231 |    0.9923 |       0.0221 |  0.0598 |
+----+--------------------+-----------------------+------------+-------------+----------+--------+-----------+-----------+--------------+---------+
| 10 | LogisticRegression | Original              |     0.7756 |      0.7608 |   0.7756 | 0.7619 |    0.879  |    0.5821 |       0.6209 |  0.6275 |
+----+--------------------+-----------------------+------------+-------------+----------+--------+-----------+-----------+--------------+---------+
| 14 | LogisticRegression | TVAE_HYBRID           |     0.6423 |      0.6317 |   0.6423 | 0.6203 |    0.7745 |    1.0905 |       0.4123 |  0.4256 |
+----+--------------------+-----------------------+------------+-------------+----------+--------+-----------+-----------+--------------+---------+
| 16 | RandomForest       | Anonymous             |     0.7545 |      0.7371 |   0.7545 | 0.7403 |    0.8705 |    0.8269 |       0.586  |  0.5916 |
+----+--------------------+-----------------------+------------+-------------+----------+--------+-----------+-----------+--------------+---------+
| 17 | RandomForest       | CTGAN_HYBRID          |     0.5    |      0.4281 |   0.5    | 0.3394 |    0.5411 |    1.0812 |       0.0039 |  0.0215 |
+----+--------------------+-----------------------+------------+-------------+----------+--------+-----------+-----------+--------------+---------+
| 18 | RandomForest       | GaussianCopula_HYBRID |     0.497  |      0.429  |   0.497  | 0.4191 |    0.6393 |    0.979  |       0.0657 |  0.0808 |
+----+--------------------+-----------------------+------------+-------------+----------+--------+-----------+-----------+--------------+---------+
| 15 | RandomForest       | Original              |     0.7786 |      0.7645 |   0.7786 | 0.7631 |    0.8885 |    0.5766 |       0.624  |  0.6326 |
+----+--------------------+-----------------------+------------+-------------+----------+--------+-----------+-----------+--------------+---------+
| 19 | RandomForest       | TVAE_HYBRID           |     0.5836 |      0.6227 |   0.5836 | 0.5723 |    0.7893 |    1.7638 |       0.3439 |  0.3691 |
+----+--------------------+-----------------------+------------+-------------+----------+--------+-----------+-----------+--------------+---------+