Model,Dataset,Accuracy,Precision,Recall,F1,AUC-ROC,LogLoss,CohenKappa,MCC
DecisionTree,Anonymous,0.5417,0.6645,0.5417,0.5548,0.5936,16.52,0.1478,0.1759
DecisionTree,CTGAN_HYBRID,0.6181,0.5561,0.6181,0.5763,0.4832,13.7667,-0.0388,-0.0423
DecisionTree,GaussianCopula_HYBRID,0.4583,0.529,0.4583,0.4796,0.4445,19.5236,-0.0952,-0.1022
DecisionTree,Original,0.7292,0.7472,0.7292,0.7354,0.7095,9.7618,0.3964,0.4003
KNN,Anonymous,0.6389,0.6055,0.6389,0.6165,0.4816,2.579,0.0659,0.0681
KNN,CTGAN_HYBRID,0.6319,0.5751,0.6319,0.5918,0.5123,1.1285,-0.001,-0.0011
KNN,GaussianCopula_HYBRID,0.5833,0.5544,0.5833,0.5665,0.5236,1.1551,-0.0485,-0.0493
KNN,Original,0.6597,0.6276,0.6597,0.6366,0.4986,2.8046,0.1136,0.118
LogisticRegression,Anonymous,0.5208,0.7125,0.5208,0.5195,0.7589,0.9055,0.1714,0.2352
LogisticRegression,CTGAN_HYBRID,0.6875,0.6068,0.6875,0.5886,0.3768,0.7399,0.0206,0.0389
LogisticRegression,GaussianCopula_HYBRID,0.6944,0.6944,0.6944,0.6944,0.6548,0.6419,0.28,0.28
LogisticRegression,Original,0.8403,0.8431,0.8403,0.8294,0.788,0.4495,0.5839,0.6067
RandomForest,Anonymous,0.5833,0.6791,0.5833,0.5987,0.6261,0.7806,0.1928,0.2168
RandomForest,CTGAN_HYBRID,0.6667,0.529,0.6667,0.5666,0.4419,0.6785,-0.036,-0.0629
RandomForest,GaussianCopula_HYBRID,0.5972,0.5634,0.5972,0.5768,0.5285,0.6567,-0.0276,-0.0282
RandomForest,Original,0.8125,0.8071,0.8125,0.8076,0.804,0.4698,0.5376,0.5415
SVM,Anonymous,0.6944,0.4823,0.6944,0.5692,,,0.0,0.0
SVM,CTGAN_HYBRID,0.6944,0.4823,0.6944,0.5692,,,0.0,0.0
SVM,GaussianCopula_HYBRID,0.6944,0.4823,0.6944,0.5692,,,0.0,0.0
SVM,Original,0.6944,0.4823,0.6944,0.5692,,,0.0,0.0
