+----+--------------------+-----------------------+------------+-------------+----------+--------+-----------+-----------+--------------+---------+
|    | Model              | Dataset               |   Accuracy |   Precision |   Recall |     F1 |   AUC-ROC |   LogLoss |   CohenKappa |     MCC |
+====+====================+=======================+============+=============+==========+========+===========+===========+==============+=========+
|  1 | DecisionTree       | Anonymous             |     0.692  |      0.6939 |   0.692  | 0.6929 |    0.7418 |   10.5291 |       0.5007 |  0.5007 |
+----+--------------------+-----------------------+------------+-------------+----------+--------+-----------+-----------+--------------+---------+
|  2 | DecisionTree       | CTGAN_HYBRID          |     0.4239 |      0.4274 |   0.4239 | 0.4252 |    0.5337 |   20.7631 |       0.0672 |  0.0673 |
+----+--------------------+-----------------------+------------+-------------+----------+--------+-----------+-----------+--------------+---------+
|  3 | DecisionTree       | GaussianCopula_HYBRID |     0.4202 |      0.418  |   0.4202 | 0.419  |    0.5225 |   20.8727 |       0.0545 |  0.0545 |
+----+--------------------+-----------------------+------------+-------------+----------+--------+-----------+-----------+--------------+---------+
|  0 | DecisionTree       | Original              |     0.6822 |      0.7018 |   0.6822 | 0.6903 |    0.7394 |   11.4536 |       0.4941 |  0.4956 |
+----+--------------------+-----------------------+------------+-------------+----------+--------+-----------+-----------+--------------+---------+
|  4 | DecisionTree       | TVAE_HYBRID           |     0.6017 |      0.6034 |   0.6017 | 0.5822 |    0.672  |   13.3075 |       0.356  |  0.3736 |
+----+--------------------+-----------------------+------------+-------------+----------+--------+-----------+-----------+--------------+---------+
|  6 | KNN                | Anonymous             |     0.6965 |      0.6837 |   0.6965 | 0.6882 |    0.8043 |    3.4713 |       0.4953 |  0.4971 |
+----+--------------------+-----------------------+------------+-------------+----------+--------+-----------+-----------+--------------+---------+
|  7 | KNN                | CTGAN_HYBRID          |     0.3291 |      0.3542 |   0.3291 | 0.3192 |    0.4952 |    5.9437 |      -0.0347 | -0.0377 |
+----+--------------------+-----------------------+------------+-------------+----------+--------+-----------+-----------+--------------+---------+
|  8 | KNN                | GaussianCopula_HYBRID |     0.4729 |      0.4386 |   0.4729 | 0.45   |    0.565  |    5.3598 |       0.0977 |  0.0997 |
+----+--------------------+-----------------------+------------+-------------+----------+--------+-----------+-----------+--------------+---------+
|  5 | KNN                | Original              |     0.5798 |      0.5704 |   0.5798 | 0.5742 |    0.703  |    4.3475 |       0.306  |  0.3067 |
+----+--------------------+-----------------------+------------+-------------+----------+--------+-----------+-----------+--------------+---------+
|  9 | KNN                | TVAE_HYBRID           |     0.5896 |      0.5788 |   0.5896 | 0.5669 |    0.6989 |    8.1346 |       0.3276 |  0.3404 |
+----+--------------------+-----------------------+------------+-------------+----------+--------+-----------+-----------+--------------+---------+
| 11 | LogisticRegression | Anonymous             |     0.7387 |      0.7085 |   0.7387 | 0.7142 |    0.8605 |    0.6238 |       0.5554 |  0.5636 |
+----+--------------------+-----------------------+------------+-------------+----------+--------+-----------+-----------+--------------+---------+
| 12 | LogisticRegression | CTGAN_HYBRID          |     0.5437 |      0.5323 |   0.5437 | 0.5053 |    0.6715 |    1.0232 |       0.2637 |  0.2966 |
+----+--------------------+-----------------------+------------+-------------+----------+--------+-----------+-----------+--------------+---------+
| 13 | LogisticRegression | GaussianCopula_HYBRID |     0.5316 |      0.5046 |   0.5316 | 0.4185 |    0.661  |    0.9762 |       0.0934 |  0.1583 |
+----+--------------------+-----------------------+------------+-------------+----------+--------+-----------+-----------+--------------+---------+
| 10 | LogisticRegression | Original              |     0.7756 |      0.7608 |   0.7756 | 0.7619 |    0.879  |    0.5821 |       0.6209 |  0.6275 |
+----+--------------------+-----------------------+------------+-------------+----------+--------+-----------+-----------+--------------+---------+
| 14 | LogisticRegression | TVAE_HYBRID           |     0.6468 |      0.615  |   0.6468 | 0.6014 |    0.7839 |    1.2096 |       0.4123 |  0.4389 |
+----+--------------------+-----------------------+------------+-------------+----------+--------+-----------+-----------+--------------+---------+
| 16 | RandomForest       | Anonymous             |     0.753  |      0.7336 |   0.753  | 0.7361 |    0.8697 |    0.8027 |       0.5814 |  0.5885 |
+----+--------------------+-----------------------+------------+-------------+----------+--------+-----------+-----------+--------------+---------+
| 17 | RandomForest       | CTGAN_HYBRID          |     0.4797 |      0.4433 |   0.4797 | 0.4513 |    0.5727 |    1.0335 |       0.1324 |  0.1372 |
+----+--------------------+-----------------------+------------+-------------+----------+--------+-----------+-----------+--------------+---------+
| 18 | RandomForest       | GaussianCopula_HYBRID |     0.503  |      0.4227 |   0.503  | 0.3992 |    0.6091 |    0.9962 |       0.0499 |  0.0736 |
+----+--------------------+-----------------------+------------+-------------+----------+--------+-----------+-----------+--------------+---------+
| 15 | RandomForest       | Original              |     0.7726 |      0.7576 |   0.7726 | 0.7592 |    0.8872 |    0.6011 |       0.6163 |  0.6223 |
+----+--------------------+-----------------------+------------+-------------+----------+--------+-----------+-----------+--------------+---------+
| 19 | RandomForest       | TVAE_HYBRID           |     0.6273 |      0.6007 |   0.6273 | 0.5891 |    0.7854 |    2.3421 |       0.3897 |  0.419  |
+----+--------------------+-----------------------+------------+-------------+----------+--------+-----------+-----------+--------------+---------+