+----+--------------------+----------------+------------+-------------+----------+--------+-----------+-----------+--------------+--------+
|    | Model              | Dataset        |   Accuracy |   Precision |   Recall |     F1 |   AUC-ROC |   LogLoss |   CohenKappa |    MCC |
+====+====================+================+============+=============+==========+========+===========+===========+==============+========+
|  1 | DecisionTree       | CTGAN          |     0.8392 |      0.8374 |   0.8392 | 0.8383 |    0.6052 |    5.7954 |       0.2128 | 0.2128 |
+----+--------------------+----------------+------------+-------------+----------+--------+-----------+-----------+--------------+--------+
|  2 | DecisionTree       | GaussianCopula |     0.7953 |      0.8087 |   0.7953 | 0.8018 |    0.5393 |    7.3777 |       0.0735 | 0.0738 |
+----+--------------------+----------------+------------+-------------+----------+--------+-----------+-----------+--------------+--------+
|  0 | DecisionTree       | Original       |     0.8755 |      0.8759 |   0.8755 | 0.8757 |    0.7003 |    4.488  |       0.3993 | 0.3993 |
+----+--------------------+----------------+------------+-------------+----------+--------+-----------+-----------+--------------+--------+
|  3 | DecisionTree       | TVAE           |     0.8488 |      0.8828 |   0.8488 | 0.862  |    0.7504 |    5.4486 |       0.4064 | 0.4193 |
+----+--------------------+----------------+------------+-------------+----------+--------+-----------+-----------+--------------+--------+
|  5 | KNN                | CTGAN          |     0.8797 |      0.8354 |   0.8797 | 0.8416 |    0.6325 |    2.1954 |       0.1006 | 0.143  |
+----+--------------------+----------------+------------+-------------+----------+--------+-----------+-----------+--------------+--------+
|  6 | KNN                | GaussianCopula |     0.8789 |      0.8258 |   0.8789 | 0.8356 |    0.6034 |    2.0201 |       0.0584 | 0.0957 |
+----+--------------------+----------------+------------+-------------+----------+--------+-----------+-----------+--------------+--------+
|  4 | KNN                | Original       |     0.8821 |      0.8614 |   0.8821 | 0.8678 |    0.753  |    1.5055 |       0.3004 | 0.3144 |
+----+--------------------+----------------+------------+-------------+----------+--------+-----------+-----------+--------------+--------+
|  7 | KNN                | TVAE           |     0.8497 |      0.8643 |   0.8497 | 0.8563 |    0.758  |    2.2232 |       0.3385 | 0.3409 |
+----+--------------------+----------------+------------+-------------+----------+--------+-----------+-----------+--------------+--------+
|  9 | LogisticRegression | CTGAN          |     0.894  |      0.874  |   0.894  | 0.867  |    0.776  |    0.3119 |       0.2575 | 0.317  |
+----+--------------------+----------------+------------+-------------+----------+--------+-----------+-----------+--------------+--------+
| 10 | LogisticRegression | GaussianCopula |     0.8831 |      0.8412 |   0.8831 | 0.8329 |    0.8696 |    0.3005 |       0.0325 | 0.0867 |
+----+--------------------+----------------+------------+-------------+----------+--------+-----------+-----------+--------------+--------+
|  8 | LogisticRegression | Original       |     0.9009 |      0.8857 |   0.9009 | 0.8866 |    0.8977 |    0.2487 |       0.3931 | 0.4191 |
+----+--------------------+----------------+------------+-------------+----------+--------+-----------+-----------+--------------+--------+
| 11 | LogisticRegression | TVAE           |     0.8697 |      0.8889 |   0.8697 | 0.8776 |    0.883  |    0.4192 |       0.4494 | 0.4557 |
+----+--------------------+----------------+------------+-------------+----------+--------+-----------+-----------+--------------+--------+
| 13 | RandomForest       | CTGAN          |     0.8962 |      0.881  |   0.8962 | 0.8671 |    0.7861 |    0.3404 |       0.2526 | 0.3273 |
+----+--------------------+----------------+------------+-------------+----------+--------+-----------+-----------+--------------+--------+
| 14 | RandomForest       | GaussianCopula |     0.883  |      0.8383 |   0.883  | 0.8286 |    0.7947 |    0.3107 |       0.0029 | 0.0251 |
+----+--------------------+----------------+------------+-------------+----------+--------+-----------+-----------+--------------+--------+
| 12 | RandomForest       | Original       |     0.9028 |      0.8892 |   0.9028 | 0.8912 |    0.9254 |    0.2357 |       0.4246 | 0.4438 |
+----+--------------------+----------------+------------+-------------+----------+--------+-----------+-----------+--------------+--------+
| 15 | RandomForest       | TVAE           |     0.8724 |      0.8895 |   0.8724 | 0.8795 |    0.8773 |    0.3308 |       0.4544 | 0.4598 |
+----+--------------------+----------------+------------+-------------+----------+--------+-----------+-----------+--------------+--------+