+----+--------------------+----------------+------------+-------------+----------+--------+-----------+-----------+--------------+--------+
|    | Model              | Dataset        |   Accuracy |   Precision |   Recall |     F1 |   AUC-ROC |   LogLoss |   CohenKappa |    MCC |
+====+====================+================+============+=============+==========+========+===========+===========+==============+========+
|  1 | DecisionTree       | CTGAN          |     0.5151 |      0.4784 |   0.5151 | 0.4904 |    0.5721 |   17.479  |       0.1703 | 0.1735 |
+----+--------------------+----------------+------------+-------------+----------+--------+-----------+-----------+--------------+--------+
|  2 | DecisionTree       | GaussianCopula |     0.43   |      0.4233 |   0.43   | 0.4258 |    0.5302 |   20.546  |       0.0647 | 0.0649 |
+----+--------------------+----------------+------------+-------------+----------+--------+-----------+-----------+--------------+--------+
|  0 | DecisionTree       | Original       |     0.6724 |      0.6874 |   0.6724 | 0.6788 |    0.7303 |   11.8065 |       0.4763 | 0.4773 |
+----+--------------------+----------------+------------+-------------+----------+--------+-----------+-----------+--------------+--------+
|  3 | DecisionTree       | TVAE           |     0.6175 |      0.6168 |   0.6175 | 0.6163 |    0.6748 |   13.7878 |       0.379  | 0.3797 |
+----+--------------------+----------------+------------+-------------+----------+--------+-----------+-----------+--------------+--------+
|  5 | KNN                | CTGAN          |     0.4977 |      0.4255 |   0.4977 | 0.4379 |    0.559  |    7.5546 |       0.0829 | 0.0944 |
+----+--------------------+----------------+------------+-------------+----------+--------+-----------+-----------+--------------+--------+
|  6 | KNN                | GaussianCopula |     0.4872 |      0.44   |   0.4872 | 0.452  |    0.5371 |    5.8356 |       0.1041 | 0.1081 |
+----+--------------------+----------------+------------+-------------+----------+--------+-----------+-----------+--------------+--------+
|  4 | KNN                | Original       |     0.5798 |      0.5704 |   0.5798 | 0.5742 |    0.703  |    4.3475 |       0.306  | 0.3067 |
+----+--------------------+----------------+------------+-------------+----------+--------+-----------+-----------+--------------+--------+
|  7 | KNN                | TVAE           |     0.5497 |      0.5293 |   0.5497 | 0.5323 |    0.6601 |    6.8946 |       0.2507 | 0.2543 |
+----+--------------------+----------------+------------+-------------+----------+--------+-----------+-----------+--------------+--------+
|  9 | LogisticRegression | CTGAN          |     0.6649 |      0.5518 |   0.6649 | 0.595  |    0.7236 |    0.8724 |       0.3921 | 0.4321 |
+----+--------------------+----------------+------------+-------------+----------+--------+-----------+-----------+--------------+--------+
| 10 | LogisticRegression | GaussianCopula |     0.5346 |      0.4965 |   0.5346 | 0.4468 |    0.7397 |    0.9275 |       0.1359 | 0.1778 |
+----+--------------------+----------------+------------+-------------+----------+--------+-----------+-----------+--------------+--------+
|  8 | LogisticRegression | Original       |     0.7756 |      0.7608 |   0.7756 | 0.7619 |    0.879  |    0.5821 |       0.6209 | 0.6275 |
+----+--------------------+----------------+------------+-------------+----------+--------+-----------+-----------+--------------+--------+
| 11 | LogisticRegression | TVAE           |     0.7056 |      0.6834 |   0.7056 | 0.6891 |    0.8001 |    1.0037 |       0.5087 | 0.5126 |
+----+--------------------+----------------+------------+-------------+----------+--------+-----------+-----------+--------------+--------+
| 13 | RandomForest       | CTGAN          |     0.6559 |      0.5414 |   0.6559 | 0.5876 |    0.7245 |    0.9107 |       0.379  | 0.413  |
+----+--------------------+----------------+------------+-------------+----------+--------+-----------+-----------+--------------+--------+
| 14 | RandomForest       | GaussianCopula |     0.5768 |      0.5502 |   0.5768 | 0.4998 |    0.6767 |    0.9582 |       0.2168 | 0.2722 |
+----+--------------------+----------------+------------+-------------+----------+--------+-----------+-----------+--------------+--------+
| 12 | RandomForest       | Original       |     0.7681 |      0.7527 |   0.7681 | 0.7538 |    0.8836 |    0.611  |       0.6078 | 0.6145 |
+----+--------------------+----------------+------------+-------------+----------+--------+-----------+-----------+--------------+--------+
| 15 | RandomForest       | TVAE           |     0.7191 |      0.7064 |   0.7191 | 0.7056 |    0.8458 |    0.8364 |       0.5342 | 0.5391 |
+----+--------------------+----------------+------------+-------------+----------+--------+-----------+-----------+--------------+--------+