+----+--------------------+-----------------------+------------+-------------+----------+--------+-----------+-----------+--------------+--------+
|    | Model              | Dataset               |   Accuracy |   Precision |   Recall |     F1 |   AUC-ROC |   LogLoss |   CohenKappa |    MCC |
+====+====================+=======================+============+=============+==========+========+===========+===========+==============+========+
|  1 | DecisionTree       | Anonymous             |     0.6724 |      0.6899 |   0.6724 | 0.6797 |    0.7324 |   11.8065 |       0.4777 | 0.479  |
+----+--------------------+-----------------------+------------+-------------+----------+--------+-----------+-----------+--------------+--------+
|  2 | DecisionTree       | CTGAN_HYBRID          |     0.509  |      0.5278 |   0.509  | 0.5164 |    0.6009 |   17.6961 |       0.2218 | 0.2229 |
+----+--------------------+-----------------------+------------+-------------+----------+--------+-----------+-----------+--------------+--------+
|  3 | DecisionTree       | GaussianCopula_HYBRID |     0.4142 |      0.4285 |   0.4142 | 0.4199 |    0.5337 |   21.1159 |       0.0668 | 0.067  |
+----+--------------------+-----------------------+------------+-------------+----------+--------+-----------+-----------+--------------+--------+
|  0 | DecisionTree       | Original              |     0.6852 |      0.7046 |   0.6852 | 0.6932 |    0.7413 |   11.3451 |       0.4983 | 0.4999 |
+----+--------------------+-----------------------+------------+-------------+----------+--------+-----------+-----------+--------------+--------+
|  4 | DecisionTree       | TVAE_HYBRID           |     0.6182 |      0.6089 |   0.6182 | 0.6116 |    0.6701 |   13.7606 |       0.3753 | 0.3766 |
+----+--------------------+-----------------------+------------+-------------+----------+--------+-----------+-----------+--------------+--------+
|  6 | KNN                | Anonymous             |     0.5866 |      0.5689 |   0.5866 | 0.5723 |    0.6749 |    5.3167 |       0.3004 | 0.3047 |
+----+--------------------+-----------------------+------------+-------------+----------+--------+-----------+-----------+--------------+--------+
|  7 | KNN                | CTGAN_HYBRID          |     0.4503 |      0.4387 |   0.4503 | 0.441  |    0.5614 |    7.5614 |       0.096  | 0.097  |
+----+--------------------+-----------------------+------------+-------------+----------+--------+-----------+-----------+--------------+--------+
|  8 | KNN                | GaussianCopula_HYBRID |     0.4345 |      0.4136 |   0.4345 | 0.4206 |    0.5317 |    5.7877 |       0.0442 | 0.0447 |
+----+--------------------+-----------------------+------------+-------------+----------+--------+-----------+-----------+--------------+--------+
|  5 | KNN                | Original              |     0.5798 |      0.5704 |   0.5798 | 0.5742 |    0.703  |    4.3475 |       0.306  | 0.3067 |
+----+--------------------+-----------------------+------------+-------------+----------+--------+-----------+-----------+--------------+--------+
|  9 | KNN                | TVAE_HYBRID           |     0.5248 |      0.4749 |   0.5248 | 0.4844 |    0.5984 |    8.484  |       0.1621 | 0.1706 |
+----+--------------------+-----------------------+------------+-------------+----------+--------+-----------+-----------+--------------+--------+
| 11 | LogisticRegression | Anonymous             |     0.7402 |      0.7178 |   0.7402 | 0.719  |    0.8174 |    0.9318 |       0.5574 | 0.566  |
+----+--------------------+-----------------------+------------+-------------+----------+--------+-----------+-----------+--------------+--------+
| 12 | LogisticRegression | CTGAN_HYBRID          |     0.5625 |      0.5387 |   0.5625 | 0.5225 |    0.6899 |    1.2722 |       0.287  | 0.3146 |
+----+--------------------+-----------------------+------------+-------------+----------+--------+-----------+-----------+--------------+--------+
| 13 | LogisticRegression | GaussianCopula_HYBRID |     0.5663 |      0.5008 |   0.5663 | 0.4734 |    0.6811 |    0.9947 |       0.1772 | 0.2445 |
+----+--------------------+-----------------------+------------+-------------+----------+--------+-----------+-----------+--------------+--------+
| 10 | LogisticRegression | Original              |     0.7756 |      0.7608 |   0.7756 | 0.7619 |    0.879  |    0.5821 |       0.6209 | 0.6275 |
+----+--------------------+-----------------------+------------+-------------+----------+--------+-----------+-----------+--------------+--------+
| 14 | LogisticRegression | TVAE_HYBRID           |     0.68   |      0.6449 |   0.68   | 0.6471 |    0.7775 |    1.8478 |       0.461  | 0.472  |
+----+--------------------+-----------------------+------------+-------------+----------+--------+-----------+-----------+--------------+--------+
| 16 | RandomForest       | Anonymous             |     0.7741 |      0.7598 |   0.7741 | 0.7605 |    0.8828 |    0.5922 |       0.6183 | 0.6249 |
+----+--------------------+-----------------------+------------+-------------+----------+--------+-----------+-----------+--------------+--------+
| 17 | RandomForest       | CTGAN_HYBRID          |     0.628  |      0.5692 |   0.628  | 0.5736 |    0.7131 |    0.896  |       0.3648 | 0.3834 |
+----+--------------------+-----------------------+------------+-------------+----------+--------+-----------+-----------+--------------+--------+
| 18 | RandomForest       | GaussianCopula_HYBRID |     0.5617 |      0.5404 |   0.5617 | 0.4789 |    0.6391 |    0.9737 |       0.1747 | 0.2236 |
+----+--------------------+-----------------------+------------+-------------+----------+--------+-----------+-----------+--------------+--------+
| 15 | RandomForest       | Original              |     0.7824 |      0.7698 |   0.7824 | 0.7662 |    0.8895 |    0.5989 |       0.6297 | 0.639  |
+----+--------------------+-----------------------+------------+-------------+----------+--------+-----------+-----------+--------------+--------+
| 19 | RandomForest       | TVAE_HYBRID           |     0.7048 |      0.6505 |   0.7048 | 0.6588 |    0.8186 |    0.7934 |       0.4976 | 0.5133 |
+----+--------------------+-----------------------+------------+-------------+----------+--------+-----------+-----------+--------------+--------+