+----+--------------------+-----------------------+------------+-------------+----------+--------+-----------+-----------+--------------+---------+
|    | Model              | Dataset               |   Accuracy |   Precision |   Recall |     F1 |   AUC-ROC |   LogLoss |   CohenKappa |     MCC |
+====+====================+=======================+============+=============+==========+========+===========+===========+==============+=========+
|  1 | DecisionTree       | Anonymous             |     0.8235 |      0.8185 |   0.8235 | 0.821  |    0.5515 |    6.2059 |       0.1213 |  0.1214 |
+----+--------------------+-----------------------+------------+-------------+----------+--------+-----------+-----------+--------------+---------+
|  2 | DecisionTree       | CTGAN_HYBRID          |     0.625  |      0.7973 |   0.625  | 0.6896 |    0.5057 |   13.391  |       0.0123 |  0.0154 |
+----+--------------------+-----------------------+------------+-------------+----------+--------+-----------+-----------+--------------+---------+
|  3 | DecisionTree       | GaussianCopula_HYBRID |     0.8012 |      0.8028 |   0.8012 | 0.802  |    0.5229 |    7.1665 |       0.0455 |  0.0455 |
+----+--------------------+-----------------------+------------+-------------+----------+--------+-----------+-----------+--------------+---------+
|  0 | DecisionTree       | Original              |     0.8746 |      0.875  |   0.8746 | 0.8748 |    0.6982 |    4.5199 |       0.3951 |  0.3951 |
+----+--------------------+-----------------------+------------+-------------+----------+--------+-----------+-----------+--------------+---------+
|  4 | DecisionTree       | TVAE_HYBRID           |     0.7713 |      0.8175 |   0.7713 | 0.7919 |    0.5677 |    8.2164 |       0.1094 |  0.1131 |
+----+--------------------+-----------------------+------------+-------------+----------+--------+-----------+-----------+--------------+---------+
|  6 | KNN                | Anonymous             |     0.8779 |      0.8378 |   0.8779 | 0.8459 |    0.6074 |    2.1672 |       0.1376 |  0.172  |
+----+--------------------+-----------------------+------------+-------------+----------+--------+-----------+-----------+--------------+---------+
|  7 | KNN                | CTGAN_HYBRID          |     0.7198 |      0.7918 |   0.7198 | 0.752  |    0.4969 |    1.2    |      -0.007  | -0.0074 |
+----+--------------------+-----------------------+------------+-------------+----------+--------+-----------+-----------+--------------+---------+
|  8 | KNN                | GaussianCopula_HYBRID |     0.8758 |      0.7966 |   0.8758 | 0.8271 |    0.517  |    2.6062 |       0.0042 |  0.0081 |
+----+--------------------+-----------------------+------------+-------------+----------+--------+-----------+-----------+--------------+---------+
|  5 | KNN                | Original              |     0.8821 |      0.8614 |   0.8821 | 0.8678 |    0.753  |    1.5055 |       0.3004 |  0.3144 |
+----+--------------------+-----------------------+------------+-------------+----------+--------+-----------+-----------+--------------+---------+
|  9 | KNN                | TVAE_HYBRID           |     0.8607 |      0.8214 |   0.8607 | 0.8364 |    0.5783 |    2.2937 |       0.1124 |  0.1234 |
+----+--------------------+-----------------------+------------+-------------+----------+--------+-----------+-----------+--------------+---------+
| 11 | LogisticRegression | Anonymous             |     0.8829 |      0.8266 |   0.8829 | 0.8285 |    0.6905 |    0.3383 |       0.0027 |  0.0207 |
+----+--------------------+-----------------------+------------+-------------+----------+--------+-----------+-----------+--------------+---------+
| 12 | LogisticRegression | CTGAN_HYBRID          |     0.8782 |      0.8081 |   0.8782 | 0.8295 |    0.6237 |    0.4971 |       0.017  |  0.0348 |
+----+--------------------+-----------------------+------------+-------------+----------+--------+-----------+-----------+--------------+---------+
| 13 | LogisticRegression | GaussianCopula_HYBRID |     0.8829 |      0.7797 |   0.8829 | 0.8281 |    0.6288 |    0.3549 |      -0.0002 | -0.0038 |
+----+--------------------+-----------------------+------------+-------------+----------+--------+-----------+-----------+--------------+---------+
| 10 | LogisticRegression | Original              |     0.9009 |      0.8857 |   0.9009 | 0.8866 |    0.8977 |    0.2487 |       0.3931 |  0.4191 |
+----+--------------------+-----------------------+------------+-------------+----------+--------+-----------+-----------+--------------+---------+
| 14 | LogisticRegression | TVAE_HYBRID           |     0.8771 |      0.8113 |   0.8771 | 0.8306 |    0.6728 |    0.3519 |       0.0267 |  0.0481 |
+----+--------------------+-----------------------+------------+-------------+----------+--------+-----------+-----------+--------------+---------+
| 16 | RandomForest       | Anonymous             |     0.847  |      0.8217 |   0.847  | 0.8329 |    0.663  |    1.1161 |       0.1302 |  0.1337 |
+----+--------------------+-----------------------+------------+-------------+----------+--------+-----------+-----------+--------------+---------+
| 17 | RandomForest       | CTGAN_HYBRID          |     0.6701 |      0.7912 |   0.6701 | 0.7203 |    0.536  |    0.7039 |      -0.0083 | -0.0095 |
+----+--------------------+-----------------------+------------+-------------+----------+--------+-----------+-----------+--------------+---------+
| 18 | RandomForest       | GaussianCopula_HYBRID |     0.8785 |      0.7929 |   0.8785 | 0.8271 |    0.6012 |    0.6872 |      -0.0004 | -0.0009 |
+----+--------------------+-----------------------+------------+-------------+----------+--------+-----------+-----------+--------------+---------+
| 15 | RandomForest       | Original              |     0.9058 |      0.8931 |   0.9058 | 0.8942 |    0.9264 |    0.2278 |       0.4392 |  0.4604 |
+----+--------------------+-----------------------+------------+-------------+----------+--------+-----------+-----------+--------------+---------+
| 19 | RandomForest       | TVAE_HYBRID           |     0.8163 |      0.8194 |   0.8163 | 0.8178 |    0.6392 |    1.0341 |       0.1257 |  0.1257 |
+----+--------------------+-----------------------+------------+-------------+----------+--------+-----------+-----------+--------------+---------+