+----+--------------------+-----------------------+------------+-------------+----------+--------+-----------+-----------+--------------+---------+
|    | Model              | Dataset               |   Accuracy |   Precision |   Recall |     F1 |   AUC-ROC |   LogLoss |   CohenKappa |     MCC |
+====+====================+=======================+============+=============+==========+========+===========+===========+==============+=========+
|  1 | DecisionTree       | Anonymous             |     0.8178 |      0.834  |   0.8178 | 0.8254 |    0.6061 |    6.5687 |       0.194  |  0.1952 |
+----+--------------------+-----------------------+------------+-------------+----------+--------+-----------+-----------+--------------+---------+
|  2 | DecisionTree       | CTGAN_HYBRID          |     0.8385 |      0.8276 |   0.8385 | 0.8328 |    0.5769 |    5.8193 |       0.1645 |  0.1652 |
+----+--------------------+-----------------------+------------+-------------+----------+--------+-----------+-----------+--------------+---------+
|  3 | DecisionTree       | GaussianCopula_HYBRID |     0.7836 |      0.8024 |   0.7836 | 0.7927 |    0.5237 |    7.8002 |       0.0432 |  0.0435 |
+----+--------------------+-----------------------+------------+-------------+----------+--------+-----------+-----------+--------------+---------+
|  0 | DecisionTree       | Original              |     0.8316 |      0.8392 |   0.8316 | 0.8353 |    0.6156 |    6.0704 |       0.221  |  0.2213 |
+----+--------------------+-----------------------+------------+-------------+----------+--------+-----------+-----------+--------------+---------+
|  4 | DecisionTree       | TVAE_HYBRID           |     0.875  |      0.846  |   0.875  | 0.8549 |    0.5836 |    4.504  |       0.2167 |  0.2348 |
+----+--------------------+-----------------------+------------+-------------+----------+--------+-----------+-----------+--------------+---------+
|  6 | KNN                | Anonymous             |     0.8767 |      0.8357 |   0.8767 | 0.845  |    0.6048 |    2.0725 |       0.1337 |  0.1655 |
+----+--------------------+-----------------------+------------+-------------+----------+--------+-----------+-----------+--------------+---------+
|  7 | KNN                | CTGAN_HYBRID          |     0.878  |      0.8281 |   0.878  | 0.8379 |    0.59   |    2.7039 |       0.0771 |  0.1138 |
+----+--------------------+-----------------------+------------+-------------+----------+--------+-----------+-----------+--------------+---------+
|  8 | KNN                | GaussianCopula_HYBRID |     0.8799 |      0.8073 |   0.8799 | 0.829  |    0.5183 |    2.6034 |       0.0108 |  0.0269 |
+----+--------------------+-----------------------+------------+-------------+----------+--------+-----------+-----------+--------------+---------+
|  5 | KNN                | Original              |     0.8779 |      0.8378 |   0.8779 | 0.8459 |    0.6105 |    2.1223 |       0.1376 |  0.172  |
+----+--------------------+-----------------------+------------+-------------+----------+--------+-----------+-----------+--------------+---------+
|  9 | KNN                | TVAE_HYBRID           |     0.854  |      0.8136 |   0.854  | 0.8302 |    0.5922 |    2.6345 |       0.083  |  0.0901 |
+----+--------------------+-----------------------+------------+-------------+----------+--------+-----------+-----------+--------------+---------+
| 11 | LogisticRegression | Anonymous             |     0.8927 |      0.8715 |   0.8927 | 0.8649 |    0.7507 |    0.3099 |       0.2441 |  0.3038 |
+----+--------------------+-----------------------+------------+-------------+----------+--------+-----------+-----------+--------------+---------+
| 12 | LogisticRegression | CTGAN_HYBRID          |     0.8935 |      0.8732 |   0.8935 | 0.8659 |    0.7028 |    0.352  |       0.25   |  0.3108 |
+----+--------------------+-----------------------+------------+-------------+----------+--------+-----------+-----------+--------------+---------+
| 13 | LogisticRegression | GaussianCopula_HYBRID |     0.8828 |      0.7797 |   0.8828 | 0.828  |    0.7333 |    0.3368 |      -0.0004 | -0.0054 |
+----+--------------------+-----------------------+------------+-------------+----------+--------+-----------+-----------+--------------+---------+
| 10 | LogisticRegression | Original              |     0.8944 |      0.8763 |   0.8944 | 0.8652 |    0.7584 |    0.3059 |       0.2427 |  0.3121 |
+----+--------------------+-----------------------+------------+-------------+----------+--------+-----------+-----------+--------------+---------+
| 14 | LogisticRegression | TVAE_HYBRID           |     0.892  |      0.8697 |   0.892  | 0.8643 |    0.7283 |    0.4999 |       0.2418 |  0.2988 |
+----+--------------------+-----------------------+------------+-------------+----------+--------+-----------+-----------+--------------+---------+
| 16 | RandomForest       | Anonymous             |     0.8946 |      0.8745 |   0.8946 | 0.8724 |    0.7742 |    0.3854 |       0.2972 |  0.3417 |
+----+--------------------+-----------------------+------------+-------------+----------+--------+-----------+-----------+--------------+---------+
| 17 | RandomForest       | CTGAN_HYBRID          |     0.8935 |      0.8739 |   0.8935 | 0.8646 |    0.6844 |    0.5098 |       0.24   |  0.3057 |
+----+--------------------+-----------------------+------------+-------------+----------+--------+-----------+-----------+--------------+---------+
| 18 | RandomForest       | GaussianCopula_HYBRID |     0.883  |      0.7797 |   0.883  | 0.8281 |    0.639  |    0.3566 |       0      |  0      |
+----+--------------------+-----------------------+------------+-------------+----------+--------+-----------+-----------+--------------+---------+
| 15 | RandomForest       | Original              |     0.8942 |      0.8737 |   0.8942 | 0.871  |    0.7836 |    0.3513 |       0.2878 |  0.3345 |
+----+--------------------+-----------------------+------------+-------------+----------+--------+-----------+-----------+--------------+---------+
| 19 | RandomForest       | TVAE_HYBRID           |     0.8906 |      0.8671 |   0.8906 | 0.8603 |    0.7275 |    1.3012 |       0.2147 |  0.2769 |
+----+--------------------+-----------------------+------------+-------------+----------+--------+-----------+-----------+--------------+---------+