+----+--------------------+-----------------------+------------+-------------+----------+--------+-----------+-----------+--------------+---------+
|    | Model              | Dataset               |   Accuracy |   Precision |   Recall |     F1 |   AUC-ROC |   LogLoss |   CohenKappa |     MCC |
+====+====================+=======================+============+=============+==========+========+===========+===========+==============+=========+
|  1 | DecisionTree       | Anonymous             |     0.6815 |      0.6838 |   0.6815 | 0.6826 |    0.7311 |   11.0426 |       0.4839 |  0.484  |
+----+--------------------+-----------------------+------------+-------------+----------+--------+-----------+-----------+--------------+---------+
|  2 | DecisionTree       | CTGAN_HYBRID          |     0.3742 |      0.3691 |   0.3742 | 0.3716 |    0.488  |   22.5544 |      -0.026  | -0.026  |
+----+--------------------+-----------------------+------------+-------------+----------+--------+-----------+-----------+--------------+---------+
|  3 | DecisionTree       | GaussianCopula_HYBRID |     0.4322 |      0.4261 |   0.4322 | 0.4289 |    0.5289 |   20.4645 |       0.0704 |  0.0705 |
+----+--------------------+-----------------------+------------+-------------+----------+--------+-----------+-----------+--------------+---------+
|  0 | DecisionTree       | Original              |     0.6732 |      0.6924 |   0.6732 | 0.6812 |    0.7327 |   11.7793 |       0.4798 |  0.4813 |
+----+--------------------+-----------------------+------------+-------------+----------+--------+-----------+-----------+--------------+---------+
|  4 | DecisionTree       | TVAE_HYBRID           |     0.6273 |      0.6253 |   0.6273 | 0.6262 |    0.6829 |   13.4349 |       0.3935 |  0.3936 |
+----+--------------------+-----------------------+------------+-------------+----------+--------+-----------+-----------+--------------+---------+
|  6 | KNN                | Anonymous             |     0.6928 |      0.6801 |   0.6928 | 0.6848 |    0.8016 |    3.5803 |       0.4898 |  0.4913 |
+----+--------------------+-----------------------+------------+-------------+----------+--------+-----------+-----------+--------------+---------+
|  7 | KNN                | CTGAN_HYBRID          |     0.4127 |      0.3833 |   0.4127 | 0.3885 |    0.4913 |    6.1745 |      -0.0085 | -0.0087 |
+----+--------------------+-----------------------+------------+-------------+----------+--------+-----------+-----------+--------------+---------+
|  8 | KNN                | GaussianCopula_HYBRID |     0.427  |      0.4082 |   0.427  | 0.4158 |    0.5361 |    5.0038 |       0.04   |  0.0403 |
+----+--------------------+-----------------------+------------+-------------+----------+--------+-----------+-----------+--------------+---------+
|  5 | KNN                | Original              |     0.5798 |      0.5704 |   0.5798 | 0.5742 |    0.703  |    4.3475 |       0.306  |  0.3067 |
+----+--------------------+-----------------------+------------+-------------+----------+--------+-----------+-----------+--------------+---------+
|  9 | KNN                | TVAE_HYBRID           |     0.6122 |      0.5955 |   0.6122 | 0.5675 |    0.7026 |    7.6662 |       0.3285 |  0.3416 |
+----+--------------------+-----------------------+------------+-------------+----------+--------+-----------+-----------+--------------+---------+
| 11 | LogisticRegression | Anonymous             |     0.7395 |      0.7115 |   0.7395 | 0.7167 |    0.8597 |    0.6294 |       0.5569 |  0.5649 |
+----+--------------------+-----------------------+------------+-------------+----------+--------+-----------+-----------+--------------+---------+
| 12 | LogisticRegression | CTGAN_HYBRID          |     0.4992 |      0.2492 |   0.4992 | 0.3325 |    0.5229 |    1.068  |       0      |  0      |
+----+--------------------+-----------------------+------------+-------------+----------+--------+-----------+-----------+--------------+---------+
| 13 | LogisticRegression | GaussianCopula_HYBRID |     0.5422 |      0.4941 |   0.5422 | 0.4291 |    0.6868 |    0.9645 |       0.1103 |  0.1928 |
+----+--------------------+-----------------------+------------+-------------+----------+--------+-----------+-----------+--------------+---------+
| 10 | LogisticRegression | Original              |     0.7756 |      0.7608 |   0.7756 | 0.7619 |    0.879  |    0.5821 |       0.6209 |  0.6275 |
+----+--------------------+-----------------------+------------+-------------+----------+--------+-----------+-----------+--------------+---------+
| 14 | LogisticRegression | TVAE_HYBRID           |     0.6468 |      0.5979 |   0.6468 | 0.5946 |    0.7518 |    1.6198 |       0.3966 |  0.4147 |
+----+--------------------+-----------------------+------------+-------------+----------+--------+-----------+-----------+--------------+---------+
| 16 | RandomForest       | Anonymous             |     0.7508 |      0.7311 |   0.7508 | 0.735  |    0.8661 |    0.9048 |       0.5793 |  0.5849 |
+----+--------------------+-----------------------+------------+-------------+----------+--------+-----------+-----------+--------------+---------+
| 17 | RandomForest       | CTGAN_HYBRID          |     0.4593 |      0.3062 |   0.4593 | 0.3425 |    0.4793 |    1.0959 |      -0.044  | -0.0696 |
+----+--------------------+-----------------------+------------+-------------+----------+--------+-----------+-----------+--------------+---------+
| 18 | RandomForest       | GaussianCopula_HYBRID |     0.5459 |      0.4696 |   0.5459 | 0.4748 |    0.6472 |    0.9727 |       0.1644 |  0.189  |
+----+--------------------+-----------------------+------------+-------------+----------+--------+-----------+-----------+--------------+---------+
| 15 | RandomForest       | Original              |     0.7688 |      0.7515 |   0.7688 | 0.7526 |    0.8846 |    0.6044 |       0.6085 |  0.6156 |
+----+--------------------+-----------------------+------------+-------------+----------+--------+-----------+-----------+--------------+---------+
| 19 | RandomForest       | TVAE_HYBRID           |     0.6995 |      0.6617 |   0.6995 | 0.6679 |    0.8066 |    1.6648 |       0.4934 |  0.503  |
+----+--------------------+-----------------------+------------+-------------+----------+--------+-----------+-----------+--------------+---------+