+----+--------------------+-----------------------+------------+-------------+----------+--------+-----------+-----------+--------------+--------+
|    | Model              | Dataset               |   Accuracy |   Precision |   Recall |     F1 |   AUC-ROC |   LogLoss |   CohenKappa |    MCC |
+====+====================+=======================+============+=============+==========+========+===========+===========+==============+========+
|  1 | DecisionTree       | Anonymous             |     0.6672 |      0.6879 |   0.6672 | 0.6756 |    0.7303 |   11.9965 |       0.4717 | 0.4735 |
+----+--------------------+-----------------------+------------+-------------+----------+--------+-----------+-----------+--------------+--------+
|  2 | DecisionTree       | CTGAN_HYBRID          |     0.5271 |      0.4698 |   0.5271 | 0.4861 |    0.5677 |   17.0447 |       0.1679 | 0.176  |
+----+--------------------+-----------------------+------------+-------------+----------+--------+-----------+-----------+--------------+--------+
|  3 | DecisionTree       | GaussianCopula_HYBRID |     0.3886 |      0.395  |   0.3886 | 0.3913 |    0.4999 |   22.0387 |       0.0122 | 0.0122 |
+----+--------------------+-----------------------+------------+-------------+----------+--------+-----------+-----------+--------------+--------+
|  0 | DecisionTree       | Original              |     0.6724 |      0.693  |   0.6724 | 0.681  |    0.7308 |   11.8065 |       0.4786 | 0.4801 |
+----+--------------------+-----------------------+------------+-------------+----------+--------+-----------+-----------+--------------+--------+
|  4 | DecisionTree       | TVAE_HYBRID           |     0.5474 |      0.5948 |   0.5474 | 0.5583 |    0.6404 |   16.3119 |       0.2967 | 0.3042 |
+----+--------------------+-----------------------+------------+-------------+----------+--------+-----------+-----------+--------------+--------+
|  6 | KNN                | Anonymous             |     0.5798 |      0.5682 |   0.5798 | 0.5706 |    0.6742 |    5.0918 |       0.297  | 0.2996 |
+----+--------------------+-----------------------+------------+-------------+----------+--------+-----------+-----------+--------------+--------+
|  7 | KNN                | CTGAN_HYBRID          |     0.4759 |      0.4272 |   0.4759 | 0.421  |    0.5574 |    8.1406 |       0.048  | 0.0535 |
+----+--------------------+-----------------------+------------+-------------+----------+--------+-----------+-----------+--------------+--------+
|  8 | KNN                | GaussianCopula_HYBRID |     0.4074 |      0.3967 |   0.4074 | 0.4011 |    0.5122 |    5.3378 |       0.0231 | 0.0232 |
+----+--------------------+-----------------------+------------+-------------+----------+--------+-----------+-----------+--------------+--------+
|  5 | KNN                | Original              |     0.5798 |      0.5704 |   0.5798 | 0.5742 |    0.703  |    4.3475 |       0.306  | 0.3067 |
+----+--------------------+-----------------------+------------+-------------+----------+--------+-----------+-----------+--------------+--------+
|  9 | KNN                | TVAE_HYBRID           |     0.5309 |      0.5115 |   0.5309 | 0.5188 |    0.6308 |    7.3526 |       0.2165 | 0.2177 |
+----+--------------------+-----------------------+------------+-------------+----------+--------+-----------+-----------+--------------+--------+
| 11 | LogisticRegression | Anonymous             |     0.7236 |      0.6965 |   0.7236 | 0.6967 |    0.7995 |    1.0682 |       0.5262 | 0.5369 |
+----+--------------------+-----------------------+------------+-------------+----------+--------+-----------+-----------+--------------+--------+
| 12 | LogisticRegression | CTGAN_HYBRID          |     0.6114 |      0.5031 |   0.6114 | 0.552  |    0.6657 |    1.2481 |       0.3203 | 0.3368 |
+----+--------------------+-----------------------+------------+-------------+----------+--------+-----------+-----------+--------------+--------+
| 13 | LogisticRegression | GaussianCopula_HYBRID |     0.5248 |      0.4629 |   0.5248 | 0.4112 |    0.6318 |    1.0482 |       0.088  | 0.1406 |
+----+--------------------+-----------------------+------------+-------------+----------+--------+-----------+-----------+--------------+--------+
| 10 | LogisticRegression | Original              |     0.7756 |      0.7608 |   0.7756 | 0.7619 |    0.879  |    0.5821 |       0.6209 | 0.6275 |
+----+--------------------+-----------------------+------------+-------------+----------+--------+-----------+-----------+--------------+--------+
| 14 | LogisticRegression | TVAE_HYBRID           |     0.6935 |      0.6688 |   0.6935 | 0.6756 |    0.7981 |    1.1493 |       0.4909 | 0.4953 |
+----+--------------------+-----------------------+------------+-------------+----------+--------+-----------+-----------+--------------+--------+
| 16 | RandomForest       | Anonymous             |     0.7651 |      0.7488 |   0.7651 | 0.7497 |    0.8826 |    0.6168 |       0.6022 | 0.6092 |
+----+--------------------+-----------------------+------------+-------------+----------+--------+-----------+-----------+--------------+--------+
| 17 | RandomForest       | CTGAN_HYBRID          |     0.6295 |      0.514  |   0.6295 | 0.5642 |    0.7096 |    1.0115 |       0.3391 | 0.3626 |
+----+--------------------+-----------------------+------------+-------------+----------+--------+-----------+-----------+--------------+--------+
| 18 | RandomForest       | GaussianCopula_HYBRID |     0.5136 |      0.4325 |   0.5136 | 0.4018 |    0.605  |    0.9944 |       0.0646 | 0.1029 |
+----+--------------------+-----------------------+------------+-------------+----------+--------+-----------+-----------+--------------+--------+
| 15 | RandomForest       | Original              |     0.7831 |      0.7708 |   0.7831 | 0.7696 |    0.8877 |    0.6506 |       0.6332 | 0.6401 |
+----+--------------------+-----------------------+------------+-------------+----------+--------+-----------+-----------+--------------+--------+
| 19 | RandomForest       | TVAE_HYBRID           |     0.6898 |      0.6726 |   0.6898 | 0.6669 |    0.8361 |    0.7273 |       0.4894 | 0.5022 |
+----+--------------------+-----------------------+------------+-------------+----------+--------+-----------+-----------+--------------+--------+