+----+--------------------+-----------------------+------------+-------------+----------+--------+-----------+-----------+--------------+---------+
|    | Model              | Dataset               |   Accuracy |   Precision |   Recall |     F1 |   AUC-ROC |   LogLoss |   CohenKappa |     MCC |
+====+====================+=======================+============+=============+==========+========+===========+===========+==============+=========+
|  1 | DecisionTree       | Anonymous             |     0.6709 |      0.6867 |   0.6709 | 0.6778 |    0.7276 |   11.8608 |       0.4742 |  0.4751 |
+----+--------------------+-----------------------+------------+-------------+----------+--------+-----------+-----------+--------------+---------+
|  2 | DecisionTree       | CTGAN_HYBRID          |     0.4548 |      0.4882 |   0.4548 | 0.4582 |    0.5564 |   19.6503 |       0.1222 |  0.1253 |
+----+--------------------+-----------------------+------------+-------------+----------+--------+-----------+-----------+--------------+---------+
|  3 | DecisionTree       | GaussianCopula_HYBRID |     0.4014 |      0.3983 |   0.4014 | 0.3997 |    0.5107 |   21.5773 |       0.0217 |  0.0218 |
+----+--------------------+-----------------------+------------+-------------+----------+--------+-----------+-----------+--------------+---------+
|  0 | DecisionTree       | Original              |     0.6792 |      0.6995 |   0.6792 | 0.6874 |    0.7388 |   11.5622 |       0.4898 |  0.4916 |
+----+--------------------+-----------------------+------------+-------------+----------+--------+-----------+-----------+--------------+---------+
|  4 | DecisionTree       | TVAE_HYBRID           |     0.5858 |      0.5918 |   0.5858 | 0.5877 |    0.6552 |   14.9277 |       0.3338 |  0.3346 |
+----+--------------------+-----------------------+------------+-------------+----------+--------+-----------+-----------+--------------+---------+
|  6 | KNN                | Anonymous             |     0.5851 |      0.5602 |   0.5851 | 0.5672 |    0.6768 |    5.5411 |       0.2947 |  0.2992 |
+----+--------------------+-----------------------+------------+-------------+----------+--------+-----------+-----------+--------------+---------+
|  7 | KNN                | CTGAN_HYBRID          |     0.4367 |      0.453  |   0.4367 | 0.4404 |    0.5458 |    7.9178 |       0.0964 |  0.0974 |
+----+--------------------+-----------------------+------------+-------------+----------+--------+-----------+-----------+--------------+---------+
|  8 | KNN                | GaussianCopula_HYBRID |     0.3795 |      0.3769 |   0.3795 | 0.3728 |    0.4815 |    5.5282 |      -0.0194 | -0.0198 |
+----+--------------------+-----------------------+------------+-------------+----------+--------+-----------+-----------+--------------+---------+
|  5 | KNN                | Original              |     0.5798 |      0.5704 |   0.5798 | 0.5742 |    0.703  |    4.3475 |       0.306  |  0.3067 |
+----+--------------------+-----------------------+------------+-------------+----------+--------+-----------+-----------+--------------+---------+
|  9 | KNN                | TVAE_HYBRID           |     0.5301 |      0.5003 |   0.5301 | 0.509  |    0.6364 |    7.0943 |       0.2059 |  0.2088 |
+----+--------------------+-----------------------+------------+-------------+----------+--------+-----------+-----------+--------------+---------+
| 11 | LogisticRegression | Anonymous             |     0.7372 |      0.7146 |   0.7372 | 0.7214 |    0.8315 |    0.952  |       0.5592 |  0.5631 |
+----+--------------------+-----------------------+------------+-------------+----------+--------+-----------+-----------+--------------+---------+
| 12 | LogisticRegression | CTGAN_HYBRID          |     0.5911 |      0.5589 |   0.5911 | 0.5532 |    0.6865 |    1.1338 |       0.2737 |  0.2942 |
+----+--------------------+-----------------------+------------+-------------+----------+--------+-----------+-----------+--------------+---------+
| 13 | LogisticRegression | GaussianCopula_HYBRID |     0.5836 |      0.5341 |   0.5836 | 0.5056 |    0.6984 |    0.9597 |       0.2196 |  0.2766 |
+----+--------------------+-----------------------+------------+-------------+----------+--------+-----------+-----------+--------------+---------+
| 10 | LogisticRegression | Original              |     0.7756 |      0.7608 |   0.7756 | 0.7619 |    0.879  |    0.5821 |       0.6209 |  0.6275 |
+----+--------------------+-----------------------+------------+-------------+----------+--------+-----------+-----------+--------------+---------+
| 14 | LogisticRegression | TVAE_HYBRID           |     0.6905 |      0.6686 |   0.6905 | 0.6715 |    0.7894 |    1.7379 |       0.4867 |  0.4929 |
+----+--------------------+-----------------------+------------+-------------+----------+--------+-----------+-----------+--------------+---------+
| 16 | RandomForest       | Anonymous             |     0.7733 |      0.7599 |   0.7733 | 0.7593 |    0.8836 |    0.593  |       0.6165 |  0.6234 |
+----+--------------------+-----------------------+------------+-------------+----------+--------+-----------+-----------+--------------+---------+
| 17 | RandomForest       | CTGAN_HYBRID          |     0.631  |      0.6081 |   0.631  | 0.6108 |    0.6979 |    0.9144 |       0.368  |  0.3767 |
+----+--------------------+-----------------------+------------+-------------+----------+--------+-----------+-----------+--------------+---------+
| 18 | RandomForest       | GaussianCopula_HYBRID |     0.5331 |      0.4584 |   0.5331 | 0.4509 |    0.6343 |    0.979  |       0.125  |  0.1569 |
+----+--------------------+-----------------------+------------+-------------+----------+--------+-----------+-----------+--------------+---------+
| 15 | RandomForest       | Original              |     0.7786 |      0.7641 |   0.7786 | 0.7615 |    0.8931 |    0.5903 |       0.623  |  0.6326 |
+----+--------------------+-----------------------+------------+-------------+----------+--------+-----------+-----------+--------------+---------+
| 19 | RandomForest       | TVAE_HYBRID           |     0.7048 |      0.6738 |   0.7048 | 0.6755 |    0.8353 |    0.8325 |       0.5081 |  0.5195 |
+----+--------------------+-----------------------+------------+-------------+----------+--------+-----------+-----------+--------------+---------+