+----+--------------------+-----------------------+------------+-------------+----------+--------+-----------+-----------+--------------+---------+
|    | Model              | Dataset               |   Accuracy |   Precision |   Recall |     F1 |   AUC-ROC |   LogLoss |   CohenKappa |     MCC |
+====+====================+=======================+============+=============+==========+========+===========+===========+==============+=========+
|  1 | DecisionTree       | Anonymous             |     0.6724 |      0.6856 |   0.6724 | 0.6781 |    0.7298 |   11.8065 |       0.4754 |  0.4762 |
+----+--------------------+-----------------------+------------+-------------+----------+--------+-----------+-----------+--------------+---------+
|  2 | DecisionTree       | CTGAN_HYBRID          |     0.3976 |      0.3977 |   0.3976 | 0.3951 |    0.5099 |   21.713  |       0.0211 |  0.0212 |
+----+--------------------+-----------------------+------------+-------------+----------+--------+-----------+-----------+--------------+---------+
|  3 | DecisionTree       | GaussianCopula_HYBRID |     0.4142 |      0.4362 |   0.4142 | 0.4233 |    0.5309 |   21.1159 |       0.0725 |  0.073  |
+----+--------------------+-----------------------+------------+-------------+----------+--------+-----------+-----------+--------------+---------+
|  0 | DecisionTree       | Original              |     0.6852 |      0.7054 |   0.6852 | 0.6935 |    0.7435 |   11.3451 |       0.4998 |  0.5015 |
+----+--------------------+-----------------------+------------+-------------+----------+--------+-----------+-----------+--------------+---------+
|  4 | DecisionTree       | TVAE_HYBRID           |     0.5813 |      0.6008 |   0.5813 | 0.5813 |    0.6535 |   15.0906 |       0.3355 |  0.3425 |
+----+--------------------+-----------------------+------------+-------------+----------+--------+-----------+-----------+--------------+---------+
|  6 | KNN                | Anonymous             |     0.5828 |      0.5683 |   0.5828 | 0.572  |    0.6768 |    5.2165 |       0.2998 |  0.3026 |
+----+--------------------+-----------------------+------------+-------------+----------+--------+-----------+-----------+--------------+---------+
|  7 | KNN                | CTGAN_HYBRID          |     0.4676 |      0.4046 |   0.4676 | 0.376  |    0.4991 |   11.1039 |      -0.0082 | -0.0113 |
+----+--------------------+-----------------------+------------+-------------+----------+--------+-----------+-----------+--------------+---------+
|  8 | KNN                | GaussianCopula_HYBRID |     0.4495 |      0.4231 |   0.4495 | 0.4287 |    0.5382 |    5.3887 |       0.0576 |  0.0592 |
+----+--------------------+-----------------------+------------+-------------+----------+--------+-----------+-----------+--------------+---------+
|  5 | KNN                | Original              |     0.5798 |      0.5704 |   0.5798 | 0.5742 |    0.703  |    4.3475 |       0.306  |  0.3067 |
+----+--------------------+-----------------------+------------+-------------+----------+--------+-----------+-----------+--------------+---------+
|  9 | KNN                | TVAE_HYBRID           |     0.5384 |      0.5067 |   0.5384 | 0.5142 |    0.6267 |    6.84   |       0.2205 |  0.2245 |
+----+--------------------+-----------------------+------------+-------------+----------+--------+-----------+-----------+--------------+---------+
| 11 | LogisticRegression | Anonymous             |     0.7236 |      0.703  |   0.7236 | 0.7072 |    0.8014 |    1.0503 |       0.5328 |  0.5384 |
+----+--------------------+-----------------------+------------+-------------+----------+--------+-----------+-----------+--------------+---------+
| 12 | LogisticRegression | CTGAN_HYBRID          |     0.5949 |      0.5812 |   0.5949 | 0.5473 |    0.6999 |    1.1074 |       0.2649 |  0.3025 |
+----+--------------------+-----------------------+------------+-------------+----------+--------+-----------+-----------+--------------+---------+
| 13 | LogisticRegression | GaussianCopula_HYBRID |     0.5392 |      0.4627 |   0.5392 | 0.4575 |    0.6682 |    0.9959 |       0.1398 |  0.1756 |
+----+--------------------+-----------------------+------------+-------------+----------+--------+-----------+-----------+--------------+---------+
| 10 | LogisticRegression | Original              |     0.7756 |      0.7608 |   0.7756 | 0.7619 |    0.879  |    0.5821 |       0.6209 |  0.6275 |
+----+--------------------+-----------------------+------------+-------------+----------+--------+-----------+-----------+--------------+---------+
| 14 | LogisticRegression | TVAE_HYBRID           |     0.6521 |      0.6107 |   0.6521 | 0.6197 |    0.7506 |    1.7894 |       0.4127 |  0.4215 |
+----+--------------------+-----------------------+------------+-------------+----------+--------+-----------+-----------+--------------+---------+
| 16 | RandomForest       | Anonymous             |     0.7636 |      0.746  |   0.7636 | 0.747  |    0.881  |    0.6885 |       0.5986 |  0.6067 |
+----+--------------------+-----------------------+------------+-------------+----------+--------+-----------+-----------+--------------+---------+
| 17 | RandomForest       | CTGAN_HYBRID          |     0.6137 |      0.5354 |   0.6137 | 0.5335 |    0.6344 |    1.0245 |       0.2729 |  0.3466 |
+----+--------------------+-----------------------+------------+-------------+----------+--------+-----------+-----------+--------------+---------+
| 18 | RandomForest       | GaussianCopula_HYBRID |     0.5166 |      0.4428 |   0.5166 | 0.4256 |    0.608  |    0.9938 |       0.0864 |  0.1137 |
+----+--------------------+-----------------------+------------+-------------+----------+--------+-----------+-----------+--------------+---------+
| 15 | RandomForest       | Original              |     0.7779 |      0.7643 |   0.7779 | 0.7647 |    0.8882 |    0.6264 |       0.6248 |  0.6313 |
+----+--------------------+-----------------------+------------+-------------+----------+--------+-----------+-----------+--------------+---------+
| 19 | RandomForest       | TVAE_HYBRID           |     0.68   |      0.6438 |   0.68   | 0.6364 |    0.7996 |    0.9017 |       0.4647 |  0.4874 |
+----+--------------------+-----------------------+------------+-------------+----------+--------+-----------+-----------+--------------+---------+