+----+--------------------+-----------------------+------------+-------------+----------+--------+-----------+-----------+--------------+---------+
|    | Model              | Dataset               |   Accuracy |   Precision |   Recall |     F1 |   AUC-ROC |   LogLoss |   CohenKappa |     MCC |
+====+====================+=======================+============+=============+==========+========+===========+===========+==============+=========+
|  1 | DecisionTree       | Anonymous             |     0.8213 |      0.8228 |   0.8213 | 0.822  |    0.5674 |    6.3713 |       0.1421 |  0.1421 |
+----+--------------------+-----------------------+------------+-------------+----------+--------+-----------+-----------+--------------+---------+
|  2 | DecisionTree       | CTGAN_HYBRID          |     0.6781 |      0.7987 |   0.6781 | 0.7273 |    0.5155 |   11.5929 |       0.0196 |  0.0224 |
+----+--------------------+-----------------------+------------+-------------+----------+--------+-----------+-----------+--------------+---------+
|  3 | DecisionTree       | GaussianCopula_HYBRID |     0.8024 |      0.7997 |   0.8024 | 0.801  |    0.515  |    7.1226 |       0.0305 |  0.0305 |
+----+--------------------+-----------------------+------------+-------------+----------+--------+-----------+-----------+--------------+---------+
|  0 | DecisionTree       | Original              |     0.8763 |      0.876  |   0.8763 | 0.8761 |    0.6995 |    4.4601 |       0.3999 |  0.3999 |
+----+--------------------+-----------------------+------------+-------------+----------+--------+-----------+-----------+--------------+---------+
|  4 | DecisionTree       | TVAE_HYBRID           |     0.6914 |      0.8167 |   0.6914 | 0.7399 |    0.568  |   11.1126 |       0.0841 |  0.0975 |
+----+--------------------+-----------------------+------------+-------------+----------+--------+-----------+-----------+--------------+---------+
|  6 | KNN                | Anonymous             |     0.8769 |      0.8364 |   0.8769 | 0.8454 |    0.6111 |    2.1022 |       0.1363 |  0.1684 |
+----+--------------------+-----------------------+------------+-------------+----------+--------+-----------+-----------+--------------+---------+
|  7 | KNN                | CTGAN_HYBRID          |     0.7962 |      0.7981 |   0.7962 | 0.7971 |    0.5061 |    1.3748 |       0.0228 |  0.0228 |
+----+--------------------+-----------------------+------------+-------------+----------+--------+-----------+-----------+--------------+---------+
|  8 | KNN                | GaussianCopula_HYBRID |     0.8731 |      0.7919 |   0.8731 | 0.8255 |    0.5161 |    2.5993 |      -0.0023 | -0.0041 |
+----+--------------------+-----------------------+------------+-------------+----------+--------+-----------+-----------+--------------+---------+
|  5 | KNN                | Original              |     0.8821 |      0.8614 |   0.8821 | 0.8678 |    0.753  |    1.5055 |       0.3004 |  0.3144 |
+----+--------------------+-----------------------+------------+-------------+----------+--------+-----------+-----------+--------------+---------+
|  9 | KNN                | TVAE_HYBRID           |     0.6834 |      0.8216 |   0.6834 | 0.7351 |    0.5998 |    6.6871 |       0.0972 |  0.1152 |
+----+--------------------+-----------------------+------------+-------------+----------+--------+-----------+-----------+--------------+---------+
| 11 | LogisticRegression | Anonymous             |     0.8829 |      0.8266 |   0.8829 | 0.8285 |    0.6901 |    0.3386 |       0.0027 |  0.0207 |
+----+--------------------+-----------------------+------------+-------------+----------+--------+-----------+-----------+--------------+---------+
| 12 | LogisticRegression | CTGAN_HYBRID          |     0.883  |      0.7797 |   0.883  | 0.8281 |    0.6299 |    0.4163 |       0      |  0      |
+----+--------------------+-----------------------+------------+-------------+----------+--------+-----------+-----------+--------------+---------+
| 13 | LogisticRegression | GaussianCopula_HYBRID |     0.8828 |      0.7797 |   0.8828 | 0.828  |    0.6302 |    0.3559 |      -0.0004 | -0.0054 |
+----+--------------------+-----------------------+------------+-------------+----------+--------+-----------+-----------+--------------+---------+
| 10 | LogisticRegression | Original              |     0.9009 |      0.8857 |   0.9009 | 0.8866 |    0.8977 |    0.2487 |       0.3931 |  0.4191 |
+----+--------------------+-----------------------+------------+-------------+----------+--------+-----------+-----------+--------------+---------+
| 14 | LogisticRegression | TVAE_HYBRID           |     0.8079 |      0.8134 |   0.8079 | 0.8106 |    0.6556 |    0.5451 |       0.0966 |  0.0967 |
+----+--------------------+-----------------------+------------+-------------+----------+--------+-----------+-----------+--------------+---------+
| 16 | RandomForest       | Anonymous             |     0.8674 |      0.8335 |   0.8674 | 0.8454 |    0.6814 |    0.8541 |       0.1639 |  0.1785 |
+----+--------------------+-----------------------+------------+-------------+----------+--------+-----------+-----------+--------------+---------+
| 17 | RandomForest       | CTGAN_HYBRID          |     0.7645 |      0.7913 |   0.7645 | 0.7773 |    0.5518 |    0.5593 |      -0.01   | -0.0101 |
+----+--------------------+-----------------------+------------+-------------+----------+--------+-----------+-----------+--------------+---------+
| 18 | RandomForest       | GaussianCopula_HYBRID |     0.8769 |      0.7915 |   0.8769 | 0.8265 |    0.5955 |    0.5042 |      -0.0019 | -0.0042 |
+----+--------------------+-----------------------+------------+-------------+----------+--------+-----------+-----------+--------------+---------+
| 15 | RandomForest       | Original              |     0.9076 |      0.8958 |   0.9076 | 0.897  |    0.9269 |    0.2215 |       0.4568 |  0.4758 |
+----+--------------------+-----------------------+------------+-------------+----------+--------+-----------+-----------+--------------+---------+
| 19 | RandomForest       | TVAE_HYBRID           |     0.7203 |      0.8191 |   0.7203 | 0.7601 |    0.6482 |    1.0036 |       0.1004 |  0.1117 |
+----+--------------------+-----------------------+------------+-------------+----------+--------+-----------+-----------+--------------+---------+