+----+--------------------+-----------------------+------------+-------------+----------+--------+-----------+-----------+--------------+---------+
|    | Model              | Dataset               |   Accuracy |   Precision |   Recall |     F1 |   AUC-ROC |   LogLoss |   CohenKappa |     MCC |
+====+====================+=======================+============+=============+==========+========+===========+===========+==============+=========+
|  1 | DecisionTree       | Anonymous             |     0.8198 |      0.8215 |   0.8198 | 0.8206 |    0.5638 |    6.431  |       0.1361 |  0.1361 |
+----+--------------------+-----------------------+------------+-------------+----------+--------+-----------+-----------+--------------+---------+
|  2 | DecisionTree       | CTGAN_HYBRID          |     0.7545 |      0.8073 |   0.7545 | 0.7782 |    0.5402 |    8.8343 |       0.0624 |  0.065  |
+----+--------------------+-----------------------+------------+-------------+----------+--------+-----------+-----------+--------------+---------+
|  3 | DecisionTree       | GaussianCopula_HYBRID |     0.809  |      0.8016 |   0.809  | 0.8053 |    0.5192 |    6.8835 |       0.0399 |  0.0399 |
+----+--------------------+-----------------------+------------+-------------+----------+--------+-----------+-----------+--------------+---------+
|  0 | DecisionTree       | Original              |     0.8742 |      0.8741 |   0.8742 | 0.8741 |    0.6951 |    4.5358 |       0.3904 |  0.3904 |
+----+--------------------+-----------------------+------------+-------------+----------+--------+-----------+-----------+--------------+---------+
|  4 | DecisionTree       | TVAE_HYBRID           |     0.8737 |      0.8239 |   0.8737 | 0.8377 |    0.5292 |    4.5479 |       0.086  |  0.1128 |
+----+--------------------+-----------------------+------------+-------------+----------+--------+-----------+-----------+--------------+---------+
|  6 | KNN                | Anonymous             |     0.8769 |      0.8364 |   0.8769 | 0.8454 |    0.6111 |    2.1022 |       0.1363 |  0.1684 |
+----+--------------------+-----------------------+------------+-------------+----------+--------+-----------+-----------+--------------+---------+
|  7 | KNN                | CTGAN_HYBRID          |     0.8486 |      0.8127 |   0.8486 | 0.8281 |    0.5646 |    2.0051 |       0.0836 |  0.0885 |
+----+--------------------+-----------------------+------------+-------------+----------+--------+-----------+-----------+--------------+---------+
|  8 | KNN                | GaussianCopula_HYBRID |     0.8731 |      0.7919 |   0.8731 | 0.8255 |    0.5161 |    2.5993 |      -0.0023 | -0.0041 |
+----+--------------------+-----------------------+------------+-------------+----------+--------+-----------+-----------+--------------+---------+
|  5 | KNN                | Original              |     0.8821 |      0.8614 |   0.8821 | 0.8678 |    0.753  |    1.5055 |       0.3004 |  0.3144 |
+----+--------------------+-----------------------+------------+-------------+----------+--------+-----------+-----------+--------------+---------+
|  9 | KNN                | TVAE_HYBRID           |     0.8827 |      0.7797 |   0.8827 | 0.828  |    0.5268 |    3.772  |      -0.0007 | -0.0066 |
+----+--------------------+-----------------------+------------+-------------+----------+--------+-----------+-----------+--------------+---------+
| 11 | LogisticRegression | Anonymous             |     0.8829 |      0.8266 |   0.8829 | 0.8285 |    0.6901 |    0.3386 |       0.0027 |  0.0207 |
+----+--------------------+-----------------------+------------+-------------+----------+--------+-----------+-----------+--------------+---------+
| 12 | LogisticRegression | CTGAN_HYBRID          |     0.8691 |      0.8044 |   0.8691 | 0.8284 |    0.6818 |    0.3586 |       0.0274 |  0.0382 |
+----+--------------------+-----------------------+------------+-------------+----------+--------+-----------+-----------+--------------+---------+
| 13 | LogisticRegression | GaussianCopula_HYBRID |     0.8828 |      0.7797 |   0.8828 | 0.828  |    0.6302 |    0.3559 |      -0.0004 | -0.0054 |
+----+--------------------+-----------------------+------------+-------------+----------+--------+-----------+-----------+--------------+---------+
| 10 | LogisticRegression | Original              |     0.9009 |      0.8857 |   0.9009 | 0.8866 |    0.8977 |    0.2487 |       0.3931 |  0.4191 |
+----+--------------------+-----------------------+------------+-------------+----------+--------+-----------+-----------+--------------+---------+
| 14 | LogisticRegression | TVAE_HYBRID           |     0.8797 |      0.8003 |   0.8797 | 0.8281 |    0.672  |    0.5622 |       0.0048 |  0.0127 |
+----+--------------------+-----------------------+------------+-------------+----------+--------+-----------+-----------+--------------+---------+
| 16 | RandomForest       | Anonymous             |     0.8655 |      0.8318 |   0.8655 | 0.844  |    0.6807 |    0.8849 |       0.1588 |  0.1718 |
+----+--------------------+-----------------------+------------+-------------+----------+--------+-----------+-----------+--------------+---------+
| 17 | RandomForest       | CTGAN_HYBRID          |     0.8269 |      0.8093 |   0.8269 | 0.8177 |    0.6323 |    0.7493 |       0.0756 |  0.0763 |
+----+--------------------+-----------------------+------------+-------------+----------+--------+-----------+-----------+--------------+---------+
| 18 | RandomForest       | GaussianCopula_HYBRID |     0.8779 |      0.7917 |   0.8779 | 0.8268 |    0.5957 |    0.4987 |      -0.0014 | -0.0034 |
+----+--------------------+-----------------------+------------+-------------+----------+--------+-----------+-----------+--------------+---------+
| 15 | RandomForest       | Original              |     0.9064 |      0.894  |   0.9064 | 0.8948 |    0.9262 |    0.2284 |       0.442  |  0.4638 |
+----+--------------------+-----------------------+------------+-------------+----------+--------+-----------+-----------+--------------+---------+
| 19 | RandomForest       | TVAE_HYBRID           |     0.8786 |      0.816  |   0.8786 | 0.8316 |    0.6194 |    2.528  |       0.031  |  0.0583 |
+----+--------------------+-----------------------+------------+-------------+----------+--------+-----------+-----------+--------------+---------+