+----+--------------------+-----------------------+------------+-------------+----------+--------+-----------+-----------+--------------+---------+
|    | Model              | Dataset               |   Accuracy |   Precision |   Recall |     F1 |   AUC-ROC |   LogLoss |   CohenKappa |     MCC |
+====+====================+=======================+============+=============+==========+========+===========+===========+==============+=========+
|  1 | DecisionTree       | Anonymous             |     0.6732 |      0.6866 |   0.6732 | 0.679  |    0.7288 |   11.7793 |       0.4759 |  0.4767 |
+----+--------------------+-----------------------+------------+-------------+----------+--------+-----------+-----------+--------------+---------+
|  2 | DecisionTree       | CTGAN_HYBRID          |     0.3087 |      0.3581 |   0.3087 | 0.3123 |    0.4896 |   24.9157 |      -0.0153 | -0.0164 |
+----+--------------------+-----------------------+------------+-------------+----------+--------+-----------+-----------+--------------+---------+
|  3 | DecisionTree       | GaussianCopula_HYBRID |     0.3998 |      0.4152 |   0.3998 | 0.4061 |    0.5177 |   21.6316 |       0.044  |  0.0442 |
+----+--------------------+-----------------------+------------+-------------+----------+--------+-----------+-----------+--------------+---------+
|  0 | DecisionTree       | Original              |     0.6822 |      0.7007 |   0.6822 | 0.6898 |    0.7397 |   11.4536 |       0.4936 |  0.495  |
+----+--------------------+-----------------------+------------+-------------+----------+--------+-----------+-----------+--------------+---------+
|  4 | DecisionTree       | TVAE_HYBRID           |     0.6077 |      0.62   |   0.6077 | 0.6035 |    0.6697 |   14.1406 |       0.3739 |  0.3821 |
+----+--------------------+-----------------------+------------+-------------+----------+--------+-----------+-----------+--------------+---------+
|  6 | KNN                | Anonymous             |     0.5851 |      0.5576 |   0.5851 | 0.5651 |    0.6751 |    5.4152 |       0.2923 |  0.2974 |
+----+--------------------+-----------------------+------------+-------------+----------+--------+-----------+-----------+--------------+---------+
|  7 | KNN                | CTGAN_HYBRID          |     0.4646 |      0.4155 |   0.4646 | 0.408  |    0.5545 |    8.9461 |       0.024  |  0.0272 |
+----+--------------------+-----------------------+------------+-------------+----------+--------+-----------+-----------+--------------+---------+
|  8 | KNN                | GaussianCopula_HYBRID |     0.3931 |      0.3857 |   0.3931 | 0.3874 |    0.4821 |    6.416  |       0.005  |  0.0051 |
+----+--------------------+-----------------------+------------+-------------+----------+--------+-----------+-----------+--------------+---------+
|  5 | KNN                | Original              |     0.5798 |      0.5704 |   0.5798 | 0.5742 |    0.703  |    4.3475 |       0.306  |  0.3067 |
+----+--------------------+-----------------------+------------+-------------+----------+--------+-----------+-----------+--------------+---------+
|  9 | KNN                | TVAE_HYBRID           |     0.5181 |      0.4953 |   0.5181 | 0.4937 |    0.6103 |    8.7007 |       0.1859 |  0.1905 |
+----+--------------------+-----------------------+------------+-------------+----------+--------+-----------+-----------+--------------+---------+
| 11 | LogisticRegression | Anonymous             |     0.744  |      0.7184 |   0.744  | 0.7192 |    0.84   |    0.8529 |       0.5644 |  0.5732 |
+----+--------------------+-----------------------+------------+-------------+----------+--------+-----------+-----------+--------------+---------+
| 12 | LogisticRegression | CTGAN_HYBRID          |     0.622  |      0.5651 |   0.622  | 0.5818 |    0.6982 |    1.0691 |       0.3466 |  0.3568 |
+----+--------------------+-----------------------+------------+-------------+----------+--------+-----------+-----------+--------------+---------+
| 13 | LogisticRegression | GaussianCopula_HYBRID |     0.5708 |      0.5275 |   0.5708 | 0.4913 |    0.6465 |    1.0298 |       0.2027 |  0.2555 |
+----+--------------------+-----------------------+------------+-------------+----------+--------+-----------+-----------+--------------+---------+
| 10 | LogisticRegression | Original              |     0.7756 |      0.7608 |   0.7756 | 0.7619 |    0.879  |    0.5821 |       0.6209 |  0.6275 |
+----+--------------------+-----------------------+------------+-------------+----------+--------+-----------+-----------+--------------+---------+
| 14 | LogisticRegression | TVAE_HYBRID           |     0.6709 |      0.6498 |   0.6709 | 0.6454 |    0.7766 |    1.9444 |       0.4558 |  0.4682 |
+----+--------------------+-----------------------+------------+-------------+----------+--------+-----------+-----------+--------------+---------+
| 16 | RandomForest       | Anonymous             |     0.7703 |      0.754  |   0.7703 | 0.7552 |    0.8836 |    0.6136 |       0.6117 |  0.6182 |
+----+--------------------+-----------------------+------------+-------------+----------+--------+-----------+-----------+--------------+---------+
| 17 | RandomForest       | CTGAN_HYBRID          |     0.567  |      0.4854 |   0.567  | 0.5175 |    0.6628 |    0.9668 |       0.2663 |  0.2826 |
+----+--------------------+-----------------------+------------+-------------+----------+--------+-----------+-----------+--------------+---------+
| 18 | RandomForest       | GaussianCopula_HYBRID |     0.5512 |      0.4753 |   0.5512 | 0.4684 |    0.6007 |    0.9971 |       0.1569 |  0.1988 |
+----+--------------------+-----------------------+------------+-------------+----------+--------+-----------+-----------+--------------+---------+
| 15 | RandomForest       | Original              |     0.7764 |      0.7604 |   0.7764 | 0.7597 |    0.8862 |    0.6026 |       0.6202 |  0.6285 |
+----+--------------------+-----------------------+------------+-------------+----------+--------+-----------+-----------+--------------+---------+
| 19 | RandomForest       | TVAE_HYBRID           |     0.6928 |      0.6579 |   0.6928 | 0.6527 |    0.8225 |    0.7755 |       0.4861 |  0.5057 |
+----+--------------------+-----------------------+------------+-------------+----------+--------+-----------+-----------+--------------+---------+