+----+--------------------+----------------+------------+-------------+----------+--------+-----------+-----------+--------------+---------+
|    | Model              | Dataset        |   Accuracy |   Precision |   Recall |     F1 |   AUC-ROC |   LogLoss |   CohenKappa |     MCC |
+====+====================+================+============+=============+==========+========+===========+===========+==============+=========+
|  1 | DecisionTree       | CTGAN          |     0.8119 |      0.8232 |   0.8119 | 0.8173 |    0.5762 |    6.7799 |       0.1433 |  0.1438 |
+----+--------------------+----------------+------------+-------------+----------+--------+-----------+-----------+--------------+---------+
|  2 | DecisionTree       | GaussianCopula |     0.8011 |      0.8037 |   0.8011 | 0.8024 |    0.5253 |    7.1705 |       0.05   |  0.05   |
+----+--------------------+----------------+------------+-------------+----------+--------+-----------+-----------+--------------+---------+
|  0 | DecisionTree       | Original       |     0.8297 |      0.8388 |   0.8297 | 0.8341 |    0.6154 |    6.1381 |       0.2187 |  0.2192 |
+----+--------------------+----------------+------------+-------------+----------+--------+-----------+-----------+--------------+---------+
|  3 | DecisionTree       | TVAE           |     0.8244 |      0.8377 |   0.8244 | 0.8307 |    0.6148 |    6.3295 |       0.2127 |  0.2137 |
+----+--------------------+----------------+------------+-------------+----------+--------+-----------+-----------+--------------+---------+
|  5 | KNN                | CTGAN          |     0.8749 |      0.8138 |   0.8749 | 0.8321 |    0.5669 |    2.5424 |       0.0414 |  0.0639 |
+----+--------------------+----------------+------------+-------------+----------+--------+-----------+-----------+--------------+---------+
|  6 | KNN                | GaussianCopula |     0.877  |      0.8011 |   0.877  | 0.8281 |    0.511  |    2.5575 |       0.0092 |  0.0186 |
+----+--------------------+----------------+------------+-------------+----------+--------+-----------+-----------+--------------+---------+
|  4 | KNN                | Original       |     0.8779 |      0.8378 |   0.8779 | 0.8459 |    0.6105 |    2.1223 |       0.1376 |  0.172  |
+----+--------------------+----------------+------------+-------------+----------+--------+-----------+-----------+--------------+---------+
|  7 | KNN                | TVAE           |     0.7404 |      0.8163 |   0.7404 | 0.7724 |    0.6037 |    6.6434 |       0.0961 |  0.1033 |
+----+--------------------+----------------+------------+-------------+----------+--------+-----------+-----------+--------------+---------+
|  9 | LogisticRegression | CTGAN          |     0.8931 |      0.872  |   0.8931 | 0.8661 |    0.6837 |    0.3349 |       0.2522 |  0.3098 |
+----+--------------------+----------------+------------+-------------+----------+--------+-----------+-----------+--------------+---------+
| 10 | LogisticRegression | GaussianCopula |     0.8828 |      0.7797 |   0.8828 | 0.828  |    0.7195 |    0.3413 |      -0.0004 | -0.0054 |
+----+--------------------+----------------+------------+-------------+----------+--------+-----------+-----------+--------------+---------+
|  8 | LogisticRegression | Original       |     0.8944 |      0.8763 |   0.8944 | 0.8652 |    0.7584 |    0.3059 |       0.2427 |  0.3121 |
+----+--------------------+----------------+------------+-------------+----------+--------+-----------+-----------+--------------+---------+
| 11 | LogisticRegression | TVAE           |     0.8594 |      0.8427 |   0.8594 | 0.85   |    0.7003 |    0.5697 |       0.2319 |  0.2353 |
+----+--------------------+----------------+------------+-------------+----------+--------+-----------+-----------+--------------+---------+
| 13 | RandomForest       | CTGAN          |     0.8926 |      0.8722 |   0.8926 | 0.8626 |    0.6641 |    0.3676 |       0.2272 |  0.2943 |
+----+--------------------+----------------+------------+-------------+----------+--------+-----------+-----------+--------------+---------+
| 14 | RandomForest       | GaussianCopula |     0.883  |      0.7797 |   0.883  | 0.8281 |    0.6472 |    0.3548 |       0      |  0      |
+----+--------------------+----------------+------------+-------------+----------+--------+-----------+-----------+--------------+---------+
| 12 | RandomForest       | Original       |     0.894  |      0.8733 |   0.894  | 0.8713 |    0.7869 |    0.3773 |       0.2904 |  0.3352 |
+----+--------------------+----------------+------------+-------------+----------+--------+-----------+-----------+--------------+---------+
| 15 | RandomForest       | TVAE           |     0.8731 |      0.8495 |   0.8731 | 0.8579 |    0.7228 |    0.8553 |       0.2489 |  0.2601 |
+----+--------------------+----------------+------------+-------------+----------+--------+-----------+-----------+--------------+---------+