+----+--------------------+-----------------------+------------+-------------+----------+--------+-----------+-----------+--------------+---------+
|    | Model              | Dataset               |   Accuracy |   Precision |   Recall |     F1 |   AUC-ROC |   LogLoss |   CohenKappa |     MCC |
+====+====================+=======================+============+=============+==========+========+===========+===========+==============+=========+
|  1 | DecisionTree       | Anonymous             |     0.8175 |      0.818  |   0.8175 | 0.8178 |    0.5535 |    6.3629 |       0.1191 |  0.1191 |
+----+--------------------+-----------------------+------------+-------------+----------+--------+-----------+-----------+--------------+---------+
|  2 | DecisionTree       | CTGAN_HYBRID          |     0.8008 |      0.8001 |   0.8008 | 0.8005 |    0.5153 |    7.1562 |       0.0325 |  0.0325 |
+----+--------------------+-----------------------+------------+-------------+----------+--------+-----------+-----------+--------------+---------+
|  3 | DecisionTree       | GaussianCopula_HYBRID |     0.8057 |      0.7994 |   0.8057 | 0.8025 |    0.514  |    7.0031 |       0.029  |  0.029  |
+----+--------------------+-----------------------+------------+-------------+----------+--------+-----------+-----------+--------------+---------+
|  0 | DecisionTree       | Original              |     0.8746 |      0.8766 |   0.8746 | 0.8756 |    0.7043 |    4.5199 |       0.4024 |  0.4025 |
+----+--------------------+-----------------------+------------+-------------+----------+--------+-----------+-----------+--------------+---------+
|  4 | DecisionTree       | TVAE_HYBRID           |     0.7423 |      0.8131 |   0.7423 | 0.7727 |    0.5549 |    9.0982 |       0.0841 |  0.0897 |
+----+--------------------+-----------------------+------------+-------------+----------+--------+-----------+-----------+--------------+---------+
|  6 | KNN                | Anonymous             |     0.8779 |      0.8382 |   0.8779 | 0.8463 |    0.6149 |    2.0723 |       0.1407 |  0.1747 |
+----+--------------------+-----------------------+------------+-------------+----------+--------+-----------+-----------+--------------+---------+
|  7 | KNN                | CTGAN_HYBRID          |     0.8786 |      0.8033 |   0.8786 | 0.8286 |    0.5399 |    2.4849 |       0.0095 |  0.0213 |
+----+--------------------+-----------------------+------------+-------------+----------+--------+-----------+-----------+--------------+---------+
|  8 | KNN                | GaussianCopula_HYBRID |     0.8775 |      0.8058 |   0.8775 | 0.8291 |    0.5094 |    2.4795 |       0.0155 |  0.0305 |
+----+--------------------+-----------------------+------------+-------------+----------+--------+-----------+-----------+--------------+---------+
|  5 | KNN                | Original              |     0.8821 |      0.8614 |   0.8821 | 0.8678 |    0.753  |    1.5055 |       0.3004 |  0.3144 |
+----+--------------------+-----------------------+------------+-------------+----------+--------+-----------+-----------+--------------+---------+
|  9 | KNN                | TVAE_HYBRID           |     0.8317 |      0.8151 |   0.8317 | 0.8229 |    0.5837 |    1.6394 |       0.103  |  0.104  |
+----+--------------------+-----------------------+------------+-------------+----------+--------+-----------+-----------+--------------+---------+
| 11 | LogisticRegression | Anonymous             |     0.8829 |      0.8266 |   0.8829 | 0.8285 |    0.6911 |    0.3383 |       0.0027 |  0.0207 |
+----+--------------------+-----------------------+------------+-------------+----------+--------+-----------+-----------+--------------+---------+
| 12 | LogisticRegression | CTGAN_HYBRID          |     0.8831 |      0.8968 |   0.8831 | 0.8284 |    0.6542 |    0.3504 |       0.0017 |  0.0289 |
+----+--------------------+-----------------------+------------+-------------+----------+--------+-----------+-----------+--------------+---------+
| 13 | LogisticRegression | GaussianCopula_HYBRID |     0.8829 |      0.7797 |   0.8829 | 0.8281 |    0.6242 |    0.3557 |      -0.0002 | -0.0038 |
+----+--------------------+-----------------------+------------+-------------+----------+--------+-----------+-----------+--------------+---------+
| 10 | LogisticRegression | Original              |     0.9009 |      0.8857 |   0.9009 | 0.8866 |    0.8977 |    0.2487 |       0.3931 |  0.4191 |
+----+--------------------+-----------------------+------------+-------------+----------+--------+-----------+-----------+--------------+---------+
| 14 | LogisticRegression | TVAE_HYBRID           |     0.8806 |      0.8005 |   0.8806 | 0.8282 |    0.5919 |    0.431  |       0.0037 |  0.0114 |
+----+--------------------+-----------------------+------------+-------------+----------+--------+-----------+-----------+--------------+---------+
| 16 | RandomForest       | Anonymous             |     0.8401 |      0.8206 |   0.8401 | 0.8296 |    0.6521 |    1.1788 |       0.1282 |  0.1299 |
+----+--------------------+-----------------------+------------+-------------+----------+--------+-----------+-----------+--------------+---------+
| 17 | RandomForest       | CTGAN_HYBRID          |     0.8691 |      0.7994 |   0.8691 | 0.8266 |    0.6073 |    1.0063 |       0.0137 |  0.02   |
+----+--------------------+-----------------------+------------+-------------+----------+--------+-----------+-----------+--------------+---------+
| 18 | RandomForest       | GaussianCopula_HYBRID |     0.8818 |      0.8045 |   0.8818 | 0.8284 |    0.6178 |    0.5702 |       0.0033 |  0.0134 |
+----+--------------------+-----------------------+------------+-------------+----------+--------+-----------+-----------+--------------+---------+
| 15 | RandomForest       | Original              |     0.9042 |      0.8911 |   0.9042 | 0.8927 |    0.9258 |    0.2317 |       0.4328 |  0.4525 |
+----+--------------------+-----------------------+------------+-------------+----------+--------+-----------+-----------+--------------+---------+
| 19 | RandomForest       | TVAE_HYBRID           |     0.7704 |      0.805  |   0.7704 | 0.7865 |    0.6273 |    1.1893 |       0.0541 |  0.0552 |
+----+--------------------+-----------------------+------------+-------------+----------+--------+-----------+-----------+--------------+---------+