+----+--------------------+-----------------------+------------+-------------+----------+--------+-----------+-----------+--------------+--------+
|    | Model              | Dataset               |   Accuracy |   Precision |   Recall |     F1 |   AUC-ROC |   LogLoss |   CohenKappa |    MCC |
+====+====================+=======================+============+=============+==========+========+===========+===========+==============+========+
|  1 | DecisionTree       | Anonymous             |     0.6679 |      0.6882 |   0.6679 | 0.6764 |    0.7281 |   11.9693 |       0.4723 | 0.4738 |
+----+--------------------+-----------------------+------------+-------------+----------+--------+-----------+-----------+--------------+--------+
|  2 | DecisionTree       | CTGAN_HYBRID          |     0.3886 |      0.3837 |   0.3886 | 0.3828 |    0.502  |   22.0387 |       0.0006 | 0.0006 |
+----+--------------------+-----------------------+------------+-------------+----------+--------+-----------+-----------+--------------+--------+
|  3 | DecisionTree       | GaussianCopula_HYBRID |     0.43   |      0.4344 |   0.43   | 0.4306 |    0.5353 |   20.546  |       0.0802 | 0.0806 |
+----+--------------------+-----------------------+------------+-------------+----------+--------+-----------+-----------+--------------+--------+
|  0 | DecisionTree       | Original              |     0.6762 |      0.6959 |   0.6762 | 0.6843 |    0.7359 |   11.6708 |       0.4848 | 0.4864 |
+----+--------------------+-----------------------+------------+-------------+----------+--------+-----------+-----------+--------------+--------+
|  4 | DecisionTree       | TVAE_HYBRID           |     0.5324 |      0.6002 |   0.5324 | 0.5427 |    0.6452 |   16.8548 |       0.2885 | 0.3013 |
+----+--------------------+-----------------------+------------+-------------+----------+--------+-----------+-----------+--------------+--------+
|  6 | KNN                | Anonymous             |     0.6416 |      0.6235 |   0.6416 | 0.6241 |    0.7266 |    4.4045 |       0.3878 | 0.396  |
+----+--------------------+-----------------------+------------+-------------+----------+--------+-----------+-----------+--------------+--------+
|  7 | KNN                | CTGAN_HYBRID          |     0.491  |      0.4346 |   0.491  | 0.4447 |    0.5668 |    5.7196 |       0.0969 | 0.1026 |
+----+--------------------+-----------------------+------------+-------------+----------+--------+-----------+-----------+--------------+--------+
|  8 | KNN                | GaussianCopula_HYBRID |     0.4292 |      0.4039 |   0.4292 | 0.4127 |    0.5124 |    5.5512 |       0.0457 | 0.0464 |
+----+--------------------+-----------------------+------------+-------------+----------+--------+-----------+-----------+--------------+--------+
|  5 | KNN                | Original              |     0.5798 |      0.5704 |   0.5798 | 0.5742 |    0.703  |    4.3475 |       0.306  | 0.3067 |
+----+--------------------+-----------------------+------------+-------------+----------+--------+-----------+-----------+--------------+--------+
|  9 | KNN                | TVAE_HYBRID           |     0.5166 |      0.5329 |   0.5166 | 0.5137 |    0.6753 |    6.1179 |       0.2362 | 0.2424 |
+----+--------------------+-----------------------+------------+-------------+----------+--------+-----------+-----------+--------------+--------+
| 11 | LogisticRegression | Anonymous             |     0.7605 |      0.7481 |   0.7605 | 0.7268 |    0.8603 |    0.6615 |       0.581  | 0.6047 |
+----+--------------------+-----------------------+------------+-------------+----------+--------+-----------+-----------+--------------+--------+
| 12 | LogisticRegression | CTGAN_HYBRID          |     0.6378 |      0.5488 |   0.6378 | 0.5638 |    0.6826 |    1.0262 |       0.3268 | 0.3898 |
+----+--------------------+-----------------------+------------+-------------+----------+--------+-----------+-----------+--------------+--------+
| 13 | LogisticRegression | GaussianCopula_HYBRID |     0.5881 |      0.5696 |   0.5881 | 0.506  |    0.7122 |    0.975  |       0.2234 | 0.2999 |
+----+--------------------+-----------------------+------------+-------------+----------+--------+-----------+-----------+--------------+--------+
| 10 | LogisticRegression | Original              |     0.7756 |      0.7608 |   0.7756 | 0.7619 |    0.879  |    0.5821 |       0.6209 | 0.6275 |
+----+--------------------+-----------------------+------------+-------------+----------+--------+-----------+-----------+--------------+--------+
| 14 | LogisticRegression | TVAE_HYBRID           |     0.3622 |      0.688  |   0.3622 | 0.3177 |    0.7257 |    4.5052 |       0.1751 | 0.2617 |
+----+--------------------+-----------------------+------------+-------------+----------+--------+-----------+-----------+--------------+--------+
| 16 | RandomForest       | Anonymous             |     0.7733 |      0.7579 |   0.7733 | 0.7595 |    0.8853 |    0.609  |       0.6173 | 0.6236 |
+----+--------------------+-----------------------+------------+-------------+----------+--------+-----------+-----------+--------------+--------+
| 17 | RandomForest       | CTGAN_HYBRID          |     0.6099 |      0.5385 |   0.6099 | 0.5273 |    0.6645 |    1.0173 |       0.2624 | 0.3429 |
+----+--------------------+-----------------------+------------+-------------+----------+--------+-----------+-----------+--------------+--------+
| 18 | RandomForest       | GaussianCopula_HYBRID |     0.5715 |      0.5082 |   0.5715 | 0.4895 |    0.6759 |    0.9522 |       0.1955 | 0.2482 |
+----+--------------------+-----------------------+------------+-------------+----------+--------+-----------+-----------+--------------+--------+
| 15 | RandomForest       | Original              |     0.7786 |      0.7661 |   0.7786 | 0.7642 |    0.8912 |    0.5733 |       0.6243 | 0.6326 |
+----+--------------------+-----------------------+------------+-------------+----------+--------+-----------+-----------+--------------+--------+
| 19 | RandomForest       | TVAE_HYBRID           |     0.5979 |      0.6546 |   0.5979 | 0.5922 |    0.7844 |    1.1867 |       0.3732 | 0.4005 |
+----+--------------------+-----------------------+------------+-------------+----------+--------+-----------+-----------+--------------+--------+