+----+--------------------+-----------------------+------------+-------------+----------+--------+-----------+-----------+--------------+---------+
|    | Model              | Dataset               |   Accuracy |   Precision |   Recall |     F1 |   AUC-ROC |   LogLoss |   CohenKappa |     MCC |
+====+====================+=======================+============+=============+==========+========+===========+===========+==============+=========+
|  1 | DecisionTree       | Anonymous             |     0.6755 |      0.6799 |   0.6755 | 0.6776 |    0.7271 |   11.2597 |       0.4755 |  0.4756 |
+----+--------------------+-----------------------+------------+-------------+----------+--------+-----------+-----------+--------------+---------+
|  2 | DecisionTree       | CTGAN_HYBRID          |     0.4089 |      0.3998 |   0.4089 | 0.4008 |    0.5117 |   21.3059 |       0.0292 |  0.0296 |
+----+--------------------+-----------------------+------------+-------------+----------+--------+-----------+-----------+--------------+---------+
|  3 | DecisionTree       | GaussianCopula_HYBRID |     0.4654 |      0.4567 |   0.4654 | 0.4599 |    0.5535 |   19.2703 |       0.1199 |  0.1203 |
+----+--------------------+-----------------------+------------+-------------+----------+--------+-----------+-----------+--------------+---------+
|  0 | DecisionTree       | Original              |     0.6747 |      0.6911 |   0.6747 | 0.6816 |    0.7338 |   11.725  |       0.4816 |  0.4828 |
+----+--------------------+-----------------------+------------+-------------+----------+--------+-----------+-----------+--------------+---------+
|  4 | DecisionTree       | TVAE_HYBRID           |     0.5715 |      0.6072 |   0.5715 | 0.5512 |    0.6691 |   13.76   |       0.3218 |  0.3535 |
+----+--------------------+-----------------------+------------+-------------+----------+--------+-----------+-----------+--------------+---------+
|  6 | KNN                | Anonymous             |     0.6928 |      0.6801 |   0.6928 | 0.6848 |    0.8016 |    3.5803 |       0.4898 |  0.4913 |
+----+--------------------+-----------------------+------------+-------------+----------+--------+-----------+-----------+--------------+---------+
|  7 | KNN                | CTGAN_HYBRID          |     0.3562 |      0.3473 |   0.3562 | 0.3329 |    0.5036 |    5.3842 |      -0.0259 | -0.028  |
+----+--------------------+-----------------------+------------+-------------+----------+--------+-----------+-----------+--------------+---------+
|  8 | KNN                | GaussianCopula_HYBRID |     0.427  |      0.4082 |   0.427  | 0.4158 |    0.5361 |    5.0038 |       0.04   |  0.0403 |
+----+--------------------+-----------------------+------------+-------------+----------+--------+-----------+-----------+--------------+---------+
|  5 | KNN                | Original              |     0.5798 |      0.5704 |   0.5798 | 0.5742 |    0.703  |    4.3475 |       0.306  |  0.3067 |
+----+--------------------+-----------------------+------------+-------------+----------+--------+-----------+-----------+--------------+---------+
|  9 | KNN                | TVAE_HYBRID           |     0.5429 |      0.5498 |   0.5429 | 0.5223 |    0.6755 |    8.154  |       0.2655 |  0.2834 |
+----+--------------------+-----------------------+------------+-------------+----------+--------+-----------+-----------+--------------+---------+
| 11 | LogisticRegression | Anonymous             |     0.7395 |      0.7115 |   0.7395 | 0.7167 |    0.8597 |    0.6294 |       0.5569 |  0.5649 |
+----+--------------------+-----------------------+------------+-------------+----------+--------+-----------+-----------+--------------+---------+
| 12 | LogisticRegression | CTGAN_HYBRID          |     0.4721 |      0.4446 |   0.4721 | 0.4309 |    0.5712 |    1.0682 |       0.1415 |  0.1637 |
+----+--------------------+-----------------------+------------+-------------+----------+--------+-----------+-----------+--------------+---------+
| 13 | LogisticRegression | GaussianCopula_HYBRID |     0.5422 |      0.4941 |   0.5422 | 0.4291 |    0.6868 |    0.9645 |       0.1103 |  0.1928 |
+----+--------------------+-----------------------+------------+-------------+----------+--------+-----------+-----------+--------------+---------+
| 10 | LogisticRegression | Original              |     0.7756 |      0.7608 |   0.7756 | 0.7619 |    0.879  |    0.5821 |       0.6209 |  0.6275 |
+----+--------------------+-----------------------+------------+-------------+----------+--------+-----------+-----------+--------------+---------+
| 14 | LogisticRegression | TVAE_HYBRID           |     0.6702 |      0.6284 |   0.6702 | 0.6312 |    0.7882 |    1.1355 |       0.447  |  0.4623 |
+----+--------------------+-----------------------+------------+-------------+----------+--------+-----------+-----------+--------------+---------+
| 16 | RandomForest       | Anonymous             |     0.7553 |      0.7379 |   0.7553 | 0.7413 |    0.8704 |    0.7784 |       0.5875 |  0.5929 |
+----+--------------------+-----------------------+------------+-------------+----------+--------+-----------+-----------+--------------+---------+
| 17 | RandomForest       | CTGAN_HYBRID          |     0.4699 |      0.4175 |   0.4699 | 0.428  |    0.5407 |    1.0982 |       0.1212 |  0.1334 |
+----+--------------------+-----------------------+------------+-------------+----------+--------+-----------+-----------+--------------+---------+
| 18 | RandomForest       | GaussianCopula_HYBRID |     0.5557 |      0.4969 |   0.5557 | 0.4907 |    0.6501 |    0.9742 |       0.188  |  0.2122 |
+----+--------------------+-----------------------+------------+-------------+----------+--------+-----------+-----------+--------------+---------+
| 15 | RandomForest       | Original              |     0.7794 |      0.7649 |   0.7794 | 0.7651 |    0.887  |    0.5805 |       0.6267 |  0.6338 |
+----+--------------------+-----------------------+------------+-------------+----------+--------+-----------+-----------+--------------+---------+
| 19 | RandomForest       | TVAE_HYBRID           |     0.6175 |      0.6091 |   0.6175 | 0.5829 |    0.7809 |    2.257  |       0.3789 |  0.4109 |
+----+--------------------+-----------------------+------------+-------------+----------+--------+-----------+-----------+--------------+---------+