+----+--------------------+-----------------------+------------+-------------+----------+--------+-----------+-----------+--------------+--------+
|    | Model              | Dataset               |   Accuracy |   Precision |   Recall |     F1 |   AUC-ROC |   LogLoss |   CohenKappa |    MCC |
+====+====================+=======================+============+=============+==========+========+===========+===========+==============+========+
|  1 | DecisionTree       | Anonymous             |     0.6807 |      0.6938 |   0.6807 | 0.6864 |    0.7352 |   11.5079 |       0.4888 | 0.4895 |
+----+--------------------+-----------------------+------------+-------------+----------+--------+-----------+-----------+--------------+--------+
|  2 | DecisionTree       | CTGAN_HYBRID          |     0.3697 |      0.4083 |   0.3697 | 0.3527 |    0.5224 |   22.7173 |       0.0495 | 0.0547 |
+----+--------------------+-----------------------+------------+-------------+----------+--------+-----------+-----------+--------------+--------+
|  3 | DecisionTree       | GaussianCopula_HYBRID |     0.4367 |      0.4369 |   0.4367 | 0.4364 |    0.5396 |   20.3017 |       0.0835 | 0.0836 |
+----+--------------------+-----------------------+------------+-------------+----------+--------+-----------+-----------+--------------+--------+
|  0 | DecisionTree       | Original              |     0.6664 |      0.6855 |   0.6664 | 0.6742 |    0.7287 |   12.0236 |       0.4692 | 0.4708 |
+----+--------------------+-----------------------+------------+-------------+----------+--------+-----------+-----------+--------------+--------+
|  4 | DecisionTree       | TVAE_HYBRID           |     0.5625 |      0.5716 |   0.5625 | 0.5624 |    0.6382 |   15.7691 |       0.3017 | 0.3047 |
+----+--------------------+-----------------------+------------+-------------+----------+--------+-----------+-----------+--------------+--------+
|  6 | KNN                | Anonymous             |     0.5715 |      0.5488 |   0.5715 | 0.5562 |    0.6677 |    5.452  |       0.2759 | 0.279  |
+----+--------------------+-----------------------+------------+-------------+----------+--------+-----------+-----------+--------------+--------+
|  7 | KNN                | CTGAN_HYBRID          |     0.3983 |      0.4343 |   0.3983 | 0.3825 |    0.5551 |    5.641  |       0.0574 | 0.0644 |
+----+--------------------+-----------------------+------------+-------------+----------+--------+-----------+-----------+--------------+--------+
|  8 | KNN                | GaussianCopula_HYBRID |     0.4541 |      0.4341 |   0.4541 | 0.4396 |    0.5548 |    4.9983 |       0.077  | 0.0779 |
+----+--------------------+-----------------------+------------+-------------+----------+--------+-----------+-----------+--------------+--------+
|  5 | KNN                | Original              |     0.5798 |      0.5704 |   0.5798 | 0.5742 |    0.703  |    4.3475 |       0.306  | 0.3067 |
+----+--------------------+-----------------------+------------+-------------+----------+--------+-----------+-----------+--------------+--------+
|  9 | KNN                | TVAE_HYBRID           |     0.5173 |      0.5043 |   0.5173 | 0.5039 |    0.6315 |    6.6518 |       0.2087 | 0.2123 |
+----+--------------------+-----------------------+------------+-------------+----------+--------+-----------+-----------+--------------+--------+
| 11 | LogisticRegression | Anonymous             |     0.7417 |      0.7153 |   0.7417 | 0.7105 |    0.8341 |    0.9436 |       0.5603 | 0.5716 |
+----+--------------------+-----------------------+------------+-------------+----------+--------+-----------+-----------+--------------+--------+
| 12 | LogisticRegression | CTGAN_HYBRID          |     0.3735 |      0.458  |   0.3735 | 0.2922 |    0.6193 |    1.3107 |       0.0504 | 0.0848 |
+----+--------------------+-----------------------+------------+-------------+----------+--------+-----------+-----------+--------------+--------+
| 13 | LogisticRegression | GaussianCopula_HYBRID |     0.5369 |      0.4927 |   0.5369 | 0.4515 |    0.6675 |    1.0382 |       0.1322 | 0.1744 |
+----+--------------------+-----------------------+------------+-------------+----------+--------+-----------+-----------+--------------+--------+
| 10 | LogisticRegression | Original              |     0.7756 |      0.7608 |   0.7756 | 0.7619 |    0.879  |    0.5821 |       0.6209 | 0.6275 |
+----+--------------------+-----------------------+------------+-------------+----------+--------+-----------+-----------+--------------+--------+
| 14 | LogisticRegression | TVAE_HYBRID           |     0.6747 |      0.6527 |   0.6747 | 0.6429 |    0.777  |    1.7207 |       0.4605 | 0.4777 |
+----+--------------------+-----------------------+------------+-------------+----------+--------+-----------+-----------+--------------+--------+
| 16 | RandomForest       | Anonymous             |     0.7733 |      0.7595 |   0.7733 | 0.7605 |    0.8795 |    0.599  |       0.6177 | 0.6236 |
+----+--------------------+-----------------------+------------+-------------+----------+--------+-----------+-----------+--------------+--------+
| 17 | RandomForest       | CTGAN_HYBRID          |     0.4111 |      0.5129 |   0.4111 | 0.3368 |    0.6536 |    1.0515 |       0.0995 | 0.1608 |
+----+--------------------+-----------------------+------------+-------------+----------+--------+-----------+-----------+--------------+--------+
| 18 | RandomForest       | GaussianCopula_HYBRID |     0.5377 |      0.4892 |   0.5377 | 0.4531 |    0.6548 |    0.9678 |       0.1288 | 0.1716 |
+----+--------------------+-----------------------+------------+-------------+----------+--------+-----------+-----------+--------------+--------+
| 15 | RandomForest       | Original              |     0.7831 |      0.7692 |   0.7831 | 0.7674 |    0.891  |    0.5959 |       0.6319 | 0.6401 |
+----+--------------------+-----------------------+------------+-------------+----------+--------+-----------+-----------+--------------+--------+
| 19 | RandomForest       | TVAE_HYBRID           |     0.6958 |      0.6617 |   0.6958 | 0.663  |    0.8305 |    0.8103 |       0.4955 | 0.5111 |
+----+--------------------+-----------------------+------------+-------------+----------+--------+-----------+-----------+--------------+--------+