+----+--------------------+----------------+------------+-------------+----------+--------+-----------+-----------+--------------+--------+
|    | Model              | Dataset        |   Accuracy |   Precision |   Recall |     F1 |   AUC-ROC |   LogLoss |   CohenKappa |    MCC |
+====+====================+================+============+=============+==========+========+===========+===========+==============+========+
|  1 | DecisionTree       | CTGAN          |     0.5181 |      0.5352 |   0.5181 | 0.5252 |    0.607  |   17.3704 |       0.2339 | 0.2347 |
+----+--------------------+----------------+------------+-------------+----------+--------+-----------+-----------+--------------+--------+
|  2 | DecisionTree       | GaussianCopula |     0.4345 |      0.4345 |   0.4345 | 0.4345 |    0.534  |   20.3831 |       0.081  | 0.081  |
+----+--------------------+----------------+------------+-------------+----------+--------+-----------+-----------+--------------+--------+
|  0 | DecisionTree       | Original       |     0.6732 |      0.6942 |   0.6732 | 0.6818 |    0.7337 |   11.7793 |       0.4811 | 0.4829 |
+----+--------------------+----------------+------------+-------------+----------+--------+-----------+-----------+--------------+--------+
|  3 | DecisionTree       | TVAE           |     0.616  |      0.6198 |   0.616  | 0.6148 |    0.6782 |   13.8421 |       0.3799 | 0.3823 |
+----+--------------------+----------------+------------+-------------+----------+--------+-----------+-----------+--------------+--------+
|  5 | KNN                | CTGAN          |     0.4962 |      0.4781 |   0.4962 | 0.4824 |    0.5996 |    5.7998 |       0.1654 | 0.1673 |
+----+--------------------+----------------+------------+-------------+----------+--------+-----------+-----------+--------------+--------+
|  6 | KNN                | GaussianCopula |     0.4202 |      0.4181 |   0.4202 | 0.4182 |    0.5251 |    4.902  |       0.0552 | 0.0554 |
+----+--------------------+----------------+------------+-------------+----------+--------+-----------+-----------+--------------+--------+
|  4 | KNN                | Original       |     0.5798 |      0.5704 |   0.5798 | 0.5742 |    0.703  |    4.3475 |       0.306  | 0.3067 |
+----+--------------------+----------------+------------+-------------+----------+--------+-----------+-----------+--------------+--------+
|  7 | KNN                | TVAE           |     0.5452 |      0.5211 |   0.5452 | 0.5132 |    0.6489 |    8.1878 |       0.2361 | 0.245  |
+----+--------------------+----------------+------------+-------------+----------+--------+-----------+-----------+--------------+--------+
|  9 | LogisticRegression | CTGAN          |     0.6672 |      0.5768 |   0.6672 | 0.6047 |    0.7667 |    0.8121 |       0.4209 | 0.4411 |
+----+--------------------+----------------+------------+-------------+----------+--------+-----------+-----------+--------------+--------+
| 10 | LogisticRegression | GaussianCopula |     0.5542 |      0.5063 |   0.5542 | 0.4952 |    0.6939 |    0.9381 |       0.1955 | 0.2216 |
+----+--------------------+----------------+------------+-------------+----------+--------+-----------+-----------+--------------+--------+
|  8 | LogisticRegression | Original       |     0.7756 |      0.7608 |   0.7756 | 0.7619 |    0.879  |    0.5821 |       0.6209 | 0.6275 |
+----+--------------------+----------------+------------+-------------+----------+--------+-----------+-----------+--------------+--------+
| 11 | LogisticRegression | TVAE           |     0.6822 |      0.6515 |   0.6822 | 0.6482 |    0.7949 |    1.1764 |       0.4621 | 0.4736 |
+----+--------------------+----------------+------------+-------------+----------+--------+-----------+-----------+--------------+--------+
| 13 | RandomForest       | CTGAN          |     0.6498 |      0.6164 |   0.6498 | 0.592  |    0.7571 |    0.8233 |       0.3958 | 0.4147 |
+----+--------------------+----------------+------------+-------------+----------+--------+-----------+-----------+--------------+--------+
| 14 | RandomForest       | GaussianCopula |     0.6107 |      0.5433 |   0.6107 | 0.5458 |    0.705  |    0.9376 |       0.2908 | 0.3316 |
+----+--------------------+----------------+------------+-------------+----------+--------+-----------+-----------+--------------+--------+
| 12 | RandomForest       | Original       |     0.7741 |      0.7585 |   0.7741 | 0.7588 |    0.8896 |    0.5981 |       0.6172 | 0.6247 |
+----+--------------------+----------------+------------+-------------+----------+--------+-----------+-----------+--------------+--------+
| 15 | RandomForest       | TVAE           |     0.7078 |      0.6866 |   0.7078 | 0.6769 |    0.8378 |    1.1349 |       0.5078 | 0.5202 |
+----+--------------------+----------------+------------+-------------+----------+--------+-----------+-----------+--------------+--------+