+----+--------------------+----------------+------------+-------------+----------+--------+-----------+-----------+--------------+---------+
|    | Model              | Dataset        |   Accuracy |   Precision |   Recall |     F1 |   AUC-ROC |   LogLoss |   CohenKappa |     MCC |
+====+====================+================+============+=============+==========+========+===========+===========+==============+=========+
|  1 | DecisionTree       | CTGAN          |     0.8265 |      0.8263 |   0.8265 | 0.8264 |    0.5795 |    6.2537 |       0.1592 |  0.1592 |
+----+--------------------+----------------+------------+-------------+----------+--------+-----------+-----------+--------------+---------+
|  2 | DecisionTree       | GaussianCopula |     0.815  |      0.8064 |   0.815  | 0.8106 |    0.53   |    6.6683 |       0.0627 |  0.0628 |
+----+--------------------+----------------+------------+-------------+----------+--------+-----------+-----------+--------------+---------+
|  0 | DecisionTree       | Original       |     0.8307 |      0.8402 |   0.8307 | 0.8352 |    0.6192 |    6.1023 |       0.2254 |  0.226  |
+----+--------------------+----------------+------------+-------------+----------+--------+-----------+-----------+--------------+---------+
|  3 | DecisionTree       | TVAE           |     0.8173 |      0.8336 |   0.8173 | 0.8249 |    0.6051 |    6.5846 |       0.192  |  0.1933 |
+----+--------------------+----------------+------------+-------------+----------+--------+-----------+-----------+--------------+---------+
|  5 | KNN                | CTGAN          |     0.8765 |      0.8253 |   0.8765 | 0.8373 |    0.5715 |    2.5725 |       0.076  |  0.1083 |
+----+--------------------+----------------+------------+-------------+----------+--------+-----------+-----------+--------------+---------+
|  6 | KNN                | GaussianCopula |     0.8739 |      0.7987 |   0.8739 | 0.8272 |    0.5045 |    2.5984 |       0.0086 |  0.0149 |
+----+--------------------+----------------+------------+-------------+----------+--------+-----------+-----------+--------------+---------+
|  4 | KNN                | Original       |     0.8779 |      0.8378 |   0.8779 | 0.8459 |    0.6105 |    2.1223 |       0.1376 |  0.172  |
+----+--------------------+----------------+------------+-------------+----------+--------+-----------+-----------+--------------+---------+
|  7 | KNN                | TVAE           |     0.7396 |      0.8184 |   0.7396 | 0.7725 |    0.6062 |    6.9632 |       0.1037 |  0.112  |
+----+--------------------+----------------+------------+-------------+----------+--------+-----------+-----------+--------------+---------+
|  9 | LogisticRegression | CTGAN          |     0.8932 |      0.8723 |   0.8932 | 0.8661 |    0.6829 |    0.3361 |       0.2526 |  0.3105 |
+----+--------------------+----------------+------------+-------------+----------+--------+-----------+-----------+--------------+---------+
| 10 | LogisticRegression | GaussianCopula |     0.8829 |      0.7797 |   0.8829 | 0.8281 |    0.723  |    0.3401 |      -0.0002 | -0.0038 |
+----+--------------------+----------------+------------+-------------+----------+--------+-----------+-----------+--------------+---------+
|  8 | LogisticRegression | Original       |     0.8944 |      0.8763 |   0.8944 | 0.8652 |    0.7584 |    0.3059 |       0.2427 |  0.3121 |
+----+--------------------+----------------+------------+-------------+----------+--------+-----------+-----------+--------------+---------+
| 11 | LogisticRegression | TVAE           |     0.8596 |      0.8421 |   0.8596 | 0.8497 |    0.6991 |    0.5726 |       0.2286 |  0.2322 |
+----+--------------------+----------------+------------+-------------+----------+--------+-----------+-----------+--------------+---------+
| 13 | RandomForest       | CTGAN          |     0.8925 |      0.8714 |   0.8925 | 0.8635 |    0.6814 |    0.3745 |       0.2343 |  0.2974 |
+----+--------------------+----------------+------------+-------------+----------+--------+-----------+-----------+--------------+---------+
| 14 | RandomForest       | GaussianCopula |     0.883  |      0.7797 |   0.883  | 0.8281 |    0.647  |    0.3484 |       0      |  0      |
+----+--------------------+----------------+------------+-------------+----------+--------+-----------+-----------+--------------+---------+
| 12 | RandomForest       | Original       |     0.8936 |      0.8727 |   0.8936 | 0.8706 |    0.7853 |    0.3504 |       0.2861 |  0.3314 |
+----+--------------------+----------------+------------+-------------+----------+--------+-----------+-----------+--------------+---------+
| 15 | RandomForest       | TVAE           |     0.8733 |      0.8517 |   0.8733 | 0.8596 |    0.726  |    0.9017 |       0.2627 |  0.2724 |
+----+--------------------+----------------+------------+-------------+----------+--------+-----------+-----------+--------------+---------+