+----+--------------------+-----------------------+------------+-------------+----------+--------+-----------+-----------+--------------+---------+
|    | Model              | Dataset               |   Accuracy |   Precision |   Recall |     F1 |   AUC-ROC |   LogLoss |   CohenKappa |     MCC |
+====+====================+=======================+============+=============+==========+========+===========+===========+==============+=========+
|  1 | DecisionTree       | Anonymous             |     0.6679 |      0.6837 |   0.6679 | 0.6742 |    0.7289 |   11.9693 |       0.4715 |  0.4729 |
+----+--------------------+-----------------------+------------+-------------+----------+--------+-----------+-----------+--------------+---------+
|  2 | DecisionTree       | CTGAN_HYBRID          |     0.4029 |      0.4132 |   0.4029 | 0.4046 |    0.5228 |   21.5231 |       0.0457 |  0.0462 |
+----+--------------------+-----------------------+------------+-------------+----------+--------+-----------+-----------+--------------+---------+
|  3 | DecisionTree       | GaussianCopula_HYBRID |     0.43   |      0.4416 |   0.43   | 0.4353 |    0.5359 |   20.546  |       0.087  |  0.0871 |
+----+--------------------+-----------------------+------------+-------------+----------+--------+-----------+-----------+--------------+---------+
|  0 | DecisionTree       | Original              |     0.6717 |      0.6931 |   0.6717 | 0.6805 |    0.7316 |   11.8336 |       0.4781 |  0.4798 |
+----+--------------------+-----------------------+------------+-------------+----------+--------+-----------+-----------+--------------+---------+
|  4 | DecisionTree       | TVAE_HYBRID           |     0.5693 |      0.5893 |   0.5693 | 0.5704 |    0.6478 |   15.5248 |       0.318  |  0.3241 |
+----+--------------------+-----------------------+------------+-------------+----------+--------+-----------+-----------+--------------+---------+
|  6 | KNN                | Anonymous             |     0.6295 |      0.6135 |   0.6295 | 0.6183 |    0.7211 |    4.4685 |       0.3788 |  0.3818 |
+----+--------------------+-----------------------+------------+-------------+----------+--------+-----------+-----------+--------------+---------+
|  7 | KNN                | CTGAN_HYBRID          |     0.3607 |      0.3673 |   0.3607 | 0.3578 |    0.4945 |    4.827  |      -0.0308 | -0.0315 |
+----+--------------------+-----------------------+------------+-------------+----------+--------+-----------+-----------+--------------+---------+
|  8 | KNN                | GaussianCopula_HYBRID |     0.4224 |      0.4018 |   0.4224 | 0.407  |    0.5268 |    5.233  |       0.0418 |  0.0426 |
+----+--------------------+-----------------------+------------+-------------+----------+--------+-----------+-----------+--------------+---------+
|  5 | KNN                | Original              |     0.5798 |      0.5704 |   0.5798 | 0.5742 |    0.703  |    4.3475 |       0.306  |  0.3067 |
+----+--------------------+-----------------------+------------+-------------+----------+--------+-----------+-----------+--------------+---------+
|  9 | KNN                | TVAE_HYBRID           |     0.5565 |      0.5315 |   0.5565 | 0.5391 |    0.6643 |    6.1074 |       0.2581 |  0.2608 |
+----+--------------------+-----------------------+------------+-------------+----------+--------+-----------+-----------+--------------+---------+
| 11 | LogisticRegression | Anonymous             |     0.7357 |      0.7247 |   0.7357 | 0.7263 |    0.853  |    0.6696 |       0.566  |  0.569  |
+----+--------------------+-----------------------+------------+-------------+----------+--------+-----------+-----------+--------------+---------+
| 12 | LogisticRegression | CTGAN_HYBRID          |     0.5361 |      0.482  |   0.5361 | 0.4887 |    0.5503 |    1.0347 |       0.1719 |  0.1843 |
+----+--------------------+-----------------------+------------+-------------+----------+--------+-----------+-----------+--------------+---------+
| 13 | LogisticRegression | GaussianCopula_HYBRID |     0.6258 |      0.5992 |   0.6258 | 0.5483 |    0.7643 |    0.8868 |       0.2948 |  0.3816 |
+----+--------------------+-----------------------+------------+-------------+----------+--------+-----------+-----------+--------------+---------+
| 10 | LogisticRegression | Original              |     0.7756 |      0.7608 |   0.7756 | 0.7619 |    0.879  |    0.5821 |       0.6209 |  0.6275 |
+----+--------------------+-----------------------+------------+-------------+----------+--------+-----------+-----------+--------------+---------+
| 14 | LogisticRegression | TVAE_HYBRID           |     0.5881 |      0.6044 |   0.5881 | 0.5486 |    0.7571 |    1.7499 |       0.336  |  0.3862 |
+----+--------------------+-----------------------+------------+-------------+----------+--------+-----------+-----------+--------------+---------+
| 16 | RandomForest       | Anonymous             |     0.7681 |      0.7508 |   0.7681 | 0.7517 |    0.8854 |    0.6098 |       0.6069 |  0.6143 |
+----+--------------------+-----------------------+------------+-------------+----------+--------+-----------+-----------+--------------+---------+
| 17 | RandomForest       | CTGAN_HYBRID          |     0.4367 |      0.3684 |   0.4367 | 0.3775 |    0.475  |    1.0575 |      -0.0288 | -0.0325 |
+----+--------------------+-----------------------+------------+-------------+----------+--------+-----------+-----------+--------------+---------+
| 18 | RandomForest       | GaussianCopula_HYBRID |     0.57   |      0.5054 |   0.57   | 0.5027 |    0.6789 |    0.9483 |       0.2105 |  0.2425 |
+----+--------------------+-----------------------+------------+-------------+----------+--------+-----------+-----------+--------------+---------+
| 15 | RandomForest       | Original              |     0.7809 |      0.7677 |   0.7809 | 0.7651 |    0.8868 |    0.5781 |       0.6275 |  0.6364 |
+----+--------------------+-----------------------+------------+-------------+----------+--------+-----------+-----------+--------------+---------+
| 19 | RandomForest       | TVAE_HYBRID           |     0.6958 |      0.6383 |   0.6958 | 0.6473 |    0.8198 |    0.7536 |       0.4849 |  0.5037 |
+----+--------------------+-----------------------+------------+-------------+----------+--------+-----------+-----------+--------------+---------+