+----+--------------------+-----------------------+------------+-------------+----------+--------+-----------+-----------+--------------+--------+
|    | Model              | Dataset               |   Accuracy |   Precision |   Recall |     F1 |   AUC-ROC |   LogLoss |   CohenKappa |    MCC |
+====+====================+=======================+============+=============+==========+========+===========+===========+==============+========+
|  1 | DecisionTree       | Anonymous             |     0.6822 |      0.6887 |   0.6822 | 0.685  |    0.7325 |   11.4536 |       0.4865 | 0.4868 |
+----+--------------------+-----------------------+------------+-------------+----------+--------+-----------+-----------+--------------+--------+
|  2 | DecisionTree       | CTGAN_HYBRID          |     0.5068 |      0.48   |   0.5068 | 0.4881 |    0.5705 |   17.7776 |       0.1603 | 0.1627 |
+----+--------------------+-----------------------+------------+-------------+----------+--------+-----------+-----------+--------------+--------+
|  3 | DecisionTree       | GaussianCopula_HYBRID |     0.448  |      0.4507 |   0.448  | 0.4493 |    0.546  |   19.8946 |       0.106  | 0.106  |
+----+--------------------+-----------------------+------------+-------------+----------+--------+-----------+-----------+--------------+--------+
|  0 | DecisionTree       | Original              |     0.6762 |      0.6911 |   0.6762 | 0.6826 |    0.731  |   11.6708 |       0.4816 | 0.4825 |
+----+--------------------+-----------------------+------------+-------------+----------+--------+-----------+-----------+--------------+--------+
|  4 | DecisionTree       | TVAE_HYBRID           |     0.4977 |      0.594  |   0.4977 | 0.4944 |    0.618  |   18.1033 |       0.2455 | 0.2699 |
+----+--------------------+-----------------------+------------+-------------+----------+--------+-----------+-----------+--------------+--------+
|  6 | KNN                | Anonymous             |     0.637  |      0.6203 |   0.637  | 0.6264 |    0.7153 |    4.0466 |       0.3935 | 0.3956 |
+----+--------------------+-----------------------+------------+-------------+----------+--------+-----------+-----------+--------------+--------+
|  7 | KNN                | CTGAN_HYBRID          |     0.5015 |      0.442  |   0.5015 | 0.4595 |    0.5645 |    5.7716 |       0.121  | 0.1271 |
+----+--------------------+-----------------------+------------+-------------+----------+--------+-----------+-----------+--------------+--------+
|  8 | KNN                | GaussianCopula_HYBRID |     0.436  |      0.4061 |   0.436  | 0.4168 |    0.512  |    5.5456 |       0.0408 | 0.0414 |
+----+--------------------+-----------------------+------------+-------------+----------+--------+-----------+-----------+--------------+--------+
|  5 | KNN                | Original              |     0.5798 |      0.5704 |   0.5798 | 0.5742 |    0.703  |    4.3475 |       0.306  | 0.3067 |
+----+--------------------+-----------------------+------------+-------------+----------+--------+-----------+-----------+--------------+--------+
|  9 | KNN                | TVAE_HYBRID           |     0.4857 |      0.5211 |   0.4857 | 0.4771 |    0.6465 |    6.9458 |       0.2003 | 0.2136 |
+----+--------------------+-----------------------+------------+-------------+----------+--------+-----------+-----------+--------------+--------+
| 11 | LogisticRegression | Anonymous             |     0.759  |      0.7365 |   0.759  | 0.7362 |    0.8736 |    0.5949 |       0.5881 | 0.5986 |
+----+--------------------+-----------------------+------------+-------------+----------+--------+-----------+-----------+--------------+--------+
| 12 | LogisticRegression | CTGAN_HYBRID          |     0.6205 |      0.5088 |   0.6205 | 0.558  |    0.6803 |    0.9858 |       0.3263 | 0.3467 |
+----+--------------------+-----------------------+------------+-------------+----------+--------+-----------+-----------+--------------+--------+
| 13 | LogisticRegression | GaussianCopula_HYBRID |     0.5392 |      0.5414 |   0.5392 | 0.4191 |    0.7009 |    1.0392 |       0.101  | 0.1965 |
+----+--------------------+-----------------------+------------+-------------+----------+--------+-----------+-----------+--------------+--------+
| 10 | LogisticRegression | Original              |     0.7756 |      0.7608 |   0.7756 | 0.7619 |    0.879  |    0.5821 |       0.6209 | 0.6275 |
+----+--------------------+-----------------------+------------+-------------+----------+--------+-----------+-----------+--------------+--------+
| 14 | LogisticRegression | TVAE_HYBRID           |     0.3494 |      0.5795 |   0.3494 | 0.2206 |    0.7201 |    4.4588 |       0.0352 | 0.1003 |
+----+--------------------+-----------------------+------------+-------------+----------+--------+-----------+-----------+--------------+--------+
| 16 | RandomForest       | Anonymous             |     0.7726 |      0.7558 |   0.7726 | 0.7563 |    0.8851 |    0.6127 |       0.6143 | 0.622  |
+----+--------------------+-----------------------+------------+-------------+----------+--------+-----------+-----------+--------------+--------+
| 17 | RandomForest       | CTGAN_HYBRID          |     0.6002 |      0.5105 |   0.6002 | 0.528  |    0.6699 |    0.9577 |       0.2569 | 0.3061 |
+----+--------------------+-----------------------+------------+-------------+----------+--------+-----------+-----------+--------------+--------+
| 18 | RandomForest       | GaussianCopula_HYBRID |     0.5843 |      0.5287 |   0.5843 | 0.5139 |    0.6765 |    0.9533 |       0.2334 | 0.2712 |
+----+--------------------+-----------------------+------------+-------------+----------+--------+-----------+-----------+--------------+--------+
| 15 | RandomForest       | Original              |     0.7696 |      0.7528 |   0.7696 | 0.754  |    0.8855 |    0.6302 |       0.6098 | 0.617  |
+----+--------------------+-----------------------+------------+-------------+----------+--------+-----------+-----------+--------------+--------+
| 19 | RandomForest       | TVAE_HYBRID           |     0.5693 |      0.6297 |   0.5693 | 0.5496 |    0.7702 |    1.0614 |       0.3268 | 0.3683 |
+----+--------------------+-----------------------+------------+-------------+----------+--------+-----------+-----------+--------------+--------+