+----+--------------------+----------------+------------+-------------+----------+--------+-----------+-----------+--------------+--------+
|    | Model              | Dataset        |   Accuracy |   Precision |   Recall |     F1 |   AUC-ROC |   LogLoss |   CohenKappa |    MCC |
+====+====================+================+============+=============+==========+========+===========+===========+==============+========+
|  1 | DecisionTree       | CTGAN          |     0.5407 |      0.5579 |   0.5407 | 0.5481 |    0.621  |   16.5562 |       0.2629 | 0.2636 |
+----+--------------------+----------------+------------+-------------+----------+--------+-----------+-----------+--------------+--------+
|  2 | DecisionTree       | GaussianCopula |     0.4315 |      0.4282 |   0.4315 | 0.4297 |    0.5307 |   20.4917 |       0.0723 | 0.0723 |
+----+--------------------+----------------+------------+-------------+----------+--------+-----------+-----------+--------------+--------+
|  0 | DecisionTree       | Original       |     0.6672 |      0.6859 |   0.6672 | 0.675  |    0.7267 |   11.9965 |       0.4694 | 0.4707 |
+----+--------------------+----------------+------------+-------------+----------+--------+-----------+-----------+--------------+--------+
|  3 | DecisionTree       | TVAE           |     0.6273 |      0.6293 |   0.6273 | 0.6283 |    0.684  |   13.4349 |       0.3959 | 0.3959 |
+----+--------------------+----------------+------------+-------------+----------+--------+-----------+-----------+--------------+--------+
|  5 | KNN                | CTGAN          |     0.4992 |      0.4776 |   0.4992 | 0.4858 |    0.5985 |    5.6623 |       0.1617 | 0.1628 |
+----+--------------------+----------------+------------+-------------+----------+--------+-----------+-----------+--------------+--------+
|  6 | KNN                | GaussianCopula |     0.4947 |      0.4462 |   0.4947 | 0.4508 |    0.5534 |    6.1094 |       0.1024 | 0.1105 |
+----+--------------------+----------------+------------+-------------+----------+--------+-----------+-----------+--------------+--------+
|  4 | KNN                | Original       |     0.5798 |      0.5704 |   0.5798 | 0.5742 |    0.703  |    4.3475 |       0.306  | 0.3067 |
+----+--------------------+----------------+------------+-------------+----------+--------+-----------+-----------+--------------+--------+
|  7 | KNN                | TVAE           |     0.567  |      0.5405 |   0.567  | 0.5423 |    0.6622 |    7.0844 |       0.269  | 0.2745 |
+----+--------------------+----------------+------------+-------------+----------+--------+-----------+-----------+--------------+--------+
|  9 | LogisticRegression | CTGAN          |     0.6514 |      0.5968 |   0.6514 | 0.5946 |    0.7506 |    0.8236 |       0.3798 | 0.4039 |
+----+--------------------+----------------+------------+-------------+----------+--------+-----------+-----------+--------------+--------+
| 10 | LogisticRegression | GaussianCopula |     0.5437 |      0.5383 |   0.5437 | 0.4503 |    0.7224 |    1.0011 |       0.1526 | 0.2059 |
+----+--------------------+----------------+------------+-------------+----------+--------+-----------+-----------+--------------+--------+
|  8 | LogisticRegression | Original       |     0.7756 |      0.7608 |   0.7756 | 0.7619 |    0.879  |    0.5821 |       0.6209 | 0.6275 |
+----+--------------------+----------------+------------+-------------+----------+--------+-----------+-----------+--------------+--------+
| 11 | LogisticRegression | TVAE           |     0.7048 |      0.6816 |   0.7048 | 0.6875 |    0.8151 |    0.903  |       0.5071 | 0.5112 |
+----+--------------------+----------------+------------+-------------+----------+--------+-----------+-----------+--------------+--------+
| 13 | RandomForest       | CTGAN          |     0.6559 |      0.5804 |   0.6559 | 0.6001 |    0.7382 |    0.8334 |       0.398  | 0.4158 |
+----+--------------------+----------------+------------+-------------+----------+--------+-----------+-----------+--------------+--------+
| 14 | RandomForest       | GaussianCopula |     0.5354 |      0.5106 |   0.5354 | 0.4339 |    0.6618 |    0.9679 |       0.1372 | 0.1866 |
+----+--------------------+----------------+------------+-------------+----------+--------+-----------+-----------+--------------+--------+
| 12 | RandomForest       | Original       |     0.7816 |      0.7674 |   0.7816 | 0.7641 |    0.8894 |    0.5995 |       0.6279 | 0.6377 |
+----+--------------------+----------------+------------+-------------+----------+--------+-----------+-----------+--------------+--------+
| 15 | RandomForest       | TVAE           |     0.7078 |      0.6929 |   0.7078 | 0.692  |    0.841  |    0.8918 |       0.5156 | 0.5217 |
+----+--------------------+----------------+------------+-------------+----------+--------+-----------+-----------+--------------+--------+