+----+--------------------+-----------------------+------------+-------------+----------+--------+-----------+-----------+--------------+---------+
|    | Model              | Dataset               |   Accuracy |   Precision |   Recall |     F1 |   AUC-ROC |   LogLoss |   CohenKappa |     MCC |
+====+====================+=======================+============+=============+==========+========+===========+===========+==============+=========+
|  1 | DecisionTree       | Anonymous             |     0.6822 |      0.6837 |   0.6822 | 0.6829 |    0.7312 |   10.9888 |       0.4849 |  0.485  |
+----+--------------------+-----------------------+------------+-------------+----------+--------+-----------+-----------+--------------+---------+
|  2 | DecisionTree       | CTGAN_HYBRID          |     0.3705 |      0.381  |   0.3705 | 0.3746 |    0.4978 |   22.6901 |      -0.0065 | -0.0065 |
+----+--------------------+-----------------------+------------+-------------+----------+--------+-----------+-----------+--------------+---------+
|  3 | DecisionTree       | GaussianCopula_HYBRID |     0.4405 |      0.4307 |   0.4405 | 0.435  |    0.5328 |   20.166  |       0.0801 |  0.0802 |
+----+--------------------+-----------------------+------------+-------------+----------+--------+-----------+-----------+--------------+---------+
|  0 | DecisionTree       | Original              |     0.6709 |      0.6923 |   0.6709 | 0.6795 |    0.7311 |   11.8608 |       0.4761 |  0.478  |
+----+--------------------+-----------------------+------------+-------------+----------+--------+-----------+-----------+--------------+---------+
|  4 | DecisionTree       | TVAE_HYBRID           |     0.5964 |      0.5981 |   0.5964 | 0.5892 |    0.665  |   13.3231 |       0.3489 |  0.3553 |
+----+--------------------+-----------------------+------------+-------------+----------+--------+-----------+-----------+--------------+---------+
|  6 | KNN                | Anonymous             |     0.6928 |      0.6801 |   0.6928 | 0.6848 |    0.8016 |    3.5803 |       0.4898 |  0.4913 |
+----+--------------------+-----------------------+------------+-------------+----------+--------+-----------+-----------+--------------+---------+
|  7 | KNN                | CTGAN_HYBRID          |     0.387  |      0.3699 |   0.387  | 0.3696 |    0.4777 |    7.1258 |      -0.0305 | -0.0315 |
+----+--------------------+-----------------------+------------+-------------+----------+--------+-----------+-----------+--------------+---------+
|  8 | KNN                | GaussianCopula_HYBRID |     0.427  |      0.4082 |   0.427  | 0.4158 |    0.5361 |    5.0038 |       0.04   |  0.0403 |
+----+--------------------+-----------------------+------------+-------------+----------+--------+-----------+-----------+--------------+---------+
|  5 | KNN                | Original              |     0.5798 |      0.5704 |   0.5798 | 0.5742 |    0.703  |    4.3475 |       0.306  |  0.3067 |
+----+--------------------+-----------------------+------------+-------------+----------+--------+-----------+-----------+--------------+---------+
|  9 | KNN                | TVAE_HYBRID           |     0.6032 |      0.5733 |   0.6032 | 0.5773 |    0.6952 |    7.9392 |       0.3353 |  0.3425 |
+----+--------------------+-----------------------+------------+-------------+----------+--------+-----------+-----------+--------------+---------+
| 11 | LogisticRegression | Anonymous             |     0.7395 |      0.7115 |   0.7395 | 0.7167 |    0.8597 |    0.6294 |       0.5569 |  0.5649 |
+----+--------------------+-----------------------+------------+-------------+----------+--------+-----------+-----------+--------------+---------+
| 12 | LogisticRegression | CTGAN_HYBRID          |     0.497  |      0.2489 |   0.497  | 0.3317 |    0.5939 |    1.0336 |      -0.0026 | -0.0213 |
+----+--------------------+-----------------------+------------+-------------+----------+--------+-----------+-----------+--------------+---------+
| 13 | LogisticRegression | GaussianCopula_HYBRID |     0.5422 |      0.4941 |   0.5422 | 0.4291 |    0.6868 |    0.9645 |       0.1103 |  0.1928 |
+----+--------------------+-----------------------+------------+-------------+----------+--------+-----------+-----------+--------------+---------+
| 10 | LogisticRegression | Original              |     0.7756 |      0.7608 |   0.7756 | 0.7619 |    0.879  |    0.5821 |       0.6209 |  0.6275 |
+----+--------------------+-----------------------+------------+-------------+----------+--------+-----------+-----------+--------------+---------+
| 14 | LogisticRegression | TVAE_HYBRID           |     0.6355 |      0.6042 |   0.6355 | 0.6092 |    0.7484 |    1.6795 |       0.3846 |  0.3912 |
+----+--------------------+-----------------------+------------+-------------+----------+--------+-----------+-----------+--------------+---------+
| 16 | RandomForest       | Anonymous             |     0.7575 |      0.7406 |   0.7575 | 0.743  |    0.8708 |    0.8292 |       0.5903 |  0.5966 |
+----+--------------------+-----------------------+------------+-------------+----------+--------+-----------+-----------+--------------+---------+
| 17 | RandomForest       | CTGAN_HYBRID          |     0.4917 |      0.4257 |   0.4917 | 0.3695 |    0.5936 |    1.0222 |       0.0181 |  0.0324 |
+----+--------------------+-----------------------+------------+-------------+----------+--------+-----------+-----------+--------------+---------+
| 18 | RandomForest       | GaussianCopula_HYBRID |     0.5572 |      0.5255 |   0.5572 | 0.4926 |    0.6455 |    0.9702 |       0.1891 |  0.215  |
+----+--------------------+-----------------------+------------+-------------+----------+--------+-----------+-----------+--------------+---------+
| 15 | RandomForest       | Original              |     0.7741 |      0.7594 |   0.7741 | 0.7578 |    0.8838 |    0.6336 |       0.6162 |  0.6246 |
+----+--------------------+-----------------------+------------+-------------+----------+--------+-----------+-----------+--------------+---------+
| 19 | RandomForest       | TVAE_HYBRID           |     0.6401 |      0.6219 |   0.6401 | 0.6062 |    0.7634 |    2.0587 |       0.4093 |  0.4338 |
+----+--------------------+-----------------------+------------+-------------+----------+--------+-----------+-----------+--------------+---------+