+----+--------------------+----------------+------------+-------------+----------+--------+-----------+-----------+--------------+--------+
|    | Model              | Dataset        |   Accuracy |   Precision |   Recall |     F1 |   AUC-ROC |   LogLoss |   CohenKappa |    MCC |
+====+====================+================+============+=============+==========+========+===========+===========+==============+========+
|  1 | DecisionTree       | CTGAN          |     0.8498 |      0.8406 |   0.8498 | 0.8449 |    0.6067 |    5.4127 |       0.2269 | 0.2277 |
+----+--------------------+----------------+------------+-------------+----------+--------+-----------+-----------+--------------+--------+
|  2 | DecisionTree       | GaussianCopula |     0.7979 |      0.8166 |   0.7979 | 0.8067 |    0.5608 |    7.2861 |       0.1106 | 0.1114 |
+----+--------------------+----------------+------------+-------------+----------+--------+-----------+-----------+--------------+--------+
|  0 | DecisionTree       | Original       |     0.876  |      0.8765 |   0.876  | 0.8763 |    0.7019 |    4.4681 |       0.4022 | 0.4022 |
+----+--------------------+----------------+------------+-------------+----------+--------+-----------+-----------+--------------+--------+
|  3 | DecisionTree       | TVAE           |     0.8395 |      0.8788 |   0.8395 | 0.8547 |    0.7415 |    5.7834 |       0.3834 | 0.3981 |
+----+--------------------+----------------+------------+-------------+----------+--------+-----------+-----------+--------------+--------+
|  5 | KNN                | CTGAN          |     0.8797 |      0.8364 |   0.8797 | 0.8425 |    0.6498 |    2.0843 |       0.1074 | 0.1495 |
+----+--------------------+----------------+------------+-------------+----------+--------+-----------+-----------+--------------+--------+
|  6 | KNN                | GaussianCopula |     0.8775 |      0.8205 |   0.8775 | 0.834  |    0.6063 |    1.9768 |       0.0504 | 0.0813 |
+----+--------------------+----------------+------------+-------------+----------+--------+-----------+-----------+--------------+--------+
|  4 | KNN                | Original       |     0.8821 |      0.8614 |   0.8821 | 0.8678 |    0.753  |    1.5055 |       0.3004 | 0.3144 |
+----+--------------------+----------------+------------+-------------+----------+--------+-----------+-----------+--------------+--------+
|  7 | KNN                | TVAE           |     0.8437 |      0.8672 |   0.8437 | 0.8538 |    0.7907 |    1.9511 |       0.3459 | 0.3514 |
+----+--------------------+----------------+------------+-------------+----------+--------+-----------+-----------+--------------+--------+
|  9 | LogisticRegression | CTGAN          |     0.8938 |      0.8737 |   0.8938 | 0.867  |    0.7805 |    0.3117 |       0.2572 | 0.3162 |
+----+--------------------+----------------+------------+-------------+----------+--------+-----------+-----------+--------------+--------+
| 10 | LogisticRegression | GaussianCopula |     0.8822 |      0.8288 |   0.8822 | 0.8311 |    0.8771 |    0.3006 |       0.021  | 0.06   |
+----+--------------------+----------------+------------+-------------+----------+--------+-----------+-----------+--------------+--------+
|  8 | LogisticRegression | Original       |     0.9009 |      0.8857 |   0.9009 | 0.8866 |    0.8977 |    0.2487 |       0.3931 | 0.4191 |
+----+--------------------+----------------+------------+-------------+----------+--------+-----------+-----------+--------------+--------+
| 11 | LogisticRegression | TVAE           |     0.8738 |      0.8903 |   0.8738 | 0.8807 |    0.8866 |    0.3976 |       0.4588 | 0.4639 |
+----+--------------------+----------------+------------+-------------+----------+--------+-----------+-----------+--------------+--------+
| 13 | RandomForest       | CTGAN          |     0.8954 |      0.8778 |   0.8954 | 0.8678 |    0.7951 |    0.3673 |       0.2592 | 0.3254 |
+----+--------------------+----------------+------------+-------------+----------+--------+-----------+-----------+--------------+--------+
| 14 | RandomForest       | GaussianCopula |     0.8832 |      0.8969 |   0.8832 | 0.8287 |    0.8174 |    0.3038 |       0.0033 | 0.0409 |
+----+--------------------+----------------+------------+-------------+----------+--------+-----------+-----------+--------------+--------+
| 12 | RandomForest       | Original       |     0.906  |      0.8934 |   0.906  | 0.8945 |    0.9265 |    0.2316 |       0.441  | 0.4621 |
+----+--------------------+----------------+------------+-------------+----------+--------+-----------+-----------+--------------+--------+
| 15 | RandomForest       | TVAE           |     0.8679 |      0.888  |   0.8679 | 0.8761 |    0.8841 |    0.3436 |       0.4445 | 0.4512 |
+----+--------------------+----------------+------------+-------------+----------+--------+-----------+-----------+--------------+--------+