Model,Dataset,Accuracy,Precision,Recall,F1,AUC-ROC,LogLoss,CohenKappa,MCC
DecisionTree,Anonymous,0.6319,0.639,0.6319,0.6352,0.5759,13.2661,0.149,0.1491
DecisionTree,CTGAN_HYBRID,0.625,0.5892,0.625,0.6018,0.5136,13.5164,0.0299,0.0309
DecisionTree,GaussianCopula_HYBRID,0.4931,0.5824,0.4931,0.5121,0.5077,18.2721,0.0128,0.0143
DecisionTree,Original,0.7292,0.7472,0.7292,0.7354,0.7095,9.7618,0.3964,0.4003
KNN,Anonymous,0.6389,0.6055,0.6389,0.6165,0.4816,2.579,0.0659,0.0681
KNN,CTGAN_HYBRID,0.6528,0.5783,0.6528,0.5931,0.4705,4.4438,0.0044,0.0053
KNN,GaussianCopula_HYBRID,0.5764,0.55,0.5764,0.5614,0.4859,1.3934,-0.0588,-0.0596
KNN,Original,0.6597,0.6276,0.6597,0.6366,0.4986,2.8046,0.1136,0.118
LogisticRegression,Anonymous,0.7014,0.6913,0.7014,0.5965,0.5616,0.6146,0.048,0.1143
LogisticRegression,CTGAN_HYBRID,0.7014,0.7912,0.7014,0.5851,0.5255,0.6427,0.0313,0.1261
LogisticRegression,GaussianCopula_HYBRID,0.6944,0.4823,0.6944,0.5692,0.5518,0.6488,0.0,0.0
LogisticRegression,Original,0.8403,0.8431,0.8403,0.8294,0.788,0.4495,0.5839,0.6067
RandomForest,Anonymous,0.6528,0.6119,0.6528,0.6225,0.5892,0.6592,0.076,0.0806
RandomForest,CTGAN_HYBRID,0.6736,0.5854,0.6736,0.5901,0.49,0.7504,0.0105,0.0156
RandomForest,GaussianCopula_HYBRID,0.5972,0.5756,0.5972,0.5848,0.5932,0.6321,0.0,0.0
RandomForest,Original,0.8264,0.8218,0.8264,0.8218,0.7997,0.4699,0.5718,0.576
SVM,Anonymous,0.6944,0.4823,0.6944,0.5692,N/A,N/A,0.0,0.0
SVM,CTGAN_HYBRID,0.6944,0.4823,0.6944,0.5692,N/A,N/A,0.0,0.0
SVM,GaussianCopula_HYBRID,0.6944,0.4823,0.6944,0.5692,N/A,N/A,0.0,0.0
SVM,Original,0.6944,0.4823,0.6944,0.5692,N/A,N/A,0.0,0.0
