+----+--------------------+-----------------------+------------+-------------+----------+--------+-----------+-----------+--------------+---------+
|    | Model              | Dataset               |   Accuracy |   Precision |   Recall |     F1 |   AUC-ROC |   LogLoss |   CohenKappa |     MCC |
+====+====================+=======================+============+=============+==========+========+===========+===========+==============+=========+
|  1 | DecisionTree       | Anonymous             |     0.8132 |      0.8342 |   0.8132 | 0.8229 |    0.6084 |    6.7321 |       0.1936 |  0.1955 |
+----+--------------------+-----------------------+------------+-------------+----------+--------+-----------+-----------+--------------+---------+
|  2 | DecisionTree       | CTGAN_HYBRID          |     0.8429 |      0.8322 |   0.8429 | 0.8373 |    0.5871 |    5.6638 |       0.1864 |  0.1872 |
+----+--------------------+-----------------------+------------+-------------+----------+--------+-----------+-----------+--------------+---------+
|  3 | DecisionTree       | GaussianCopula_HYBRID |     0.7969 |      0.8067 |   0.7969 | 0.8017 |    0.5336 |    7.3219 |       0.064  |  0.0641 |
+----+--------------------+-----------------------+------------+-------------+----------+--------+-----------+-----------+--------------+---------+
|  0 | DecisionTree       | Original              |     0.832  |      0.8394 |   0.832  | 0.8356 |    0.6159 |    6.0544 |       0.2218 |  0.2221 |
+----+--------------------+-----------------------+------------+-------------+----------+--------+-----------+-----------+--------------+---------+
|  4 | DecisionTree       | TVAE_HYBRID           |     0.8526 |      0.8376 |   0.8526 | 0.8444 |    0.5947 |    5.3131 |       0.2098 |  0.2119 |
+----+--------------------+-----------------------+------------+-------------+----------+--------+-----------+-----------+--------------+---------+
|  6 | KNN                | Anonymous             |     0.877  |      0.8365 |   0.877  | 0.8455 |    0.6061 |    2.0681 |       0.1365 |  0.1689 |
+----+--------------------+-----------------------+------------+-------------+----------+--------+-----------+-----------+--------------+---------+
|  7 | KNN                | CTGAN_HYBRID          |     0.8773 |      0.8302 |   0.8773 | 0.8401 |    0.5885 |    2.6519 |       0.095  |  0.1301 |
+----+--------------------+-----------------------+------------+-------------+----------+--------+-----------+-----------+--------------+---------+
|  8 | KNN                | GaussianCopula_HYBRID |     0.8791 |      0.8063 |   0.8791 | 0.829  |    0.532  |    2.7268 |       0.012  |  0.0274 |
+----+--------------------+-----------------------+------------+-------------+----------+--------+-----------+-----------+--------------+---------+
|  5 | KNN                | Original              |     0.8779 |      0.8378 |   0.8779 | 0.8459 |    0.6105 |    2.1223 |       0.1376 |  0.172  |
+----+--------------------+-----------------------+------------+-------------+----------+--------+-----------+-----------+--------------+---------+
|  9 | KNN                | TVAE_HYBRID           |     0.8763 |      0.8246 |   0.8763 | 0.837  |    0.5803 |    2.9232 |       0.0744 |  0.1059 |
+----+--------------------+-----------------------+------------+-------------+----------+--------+-----------+-----------+--------------+---------+
| 11 | LogisticRegression | Anonymous             |     0.893  |      0.872  |   0.893  | 0.8652 |    0.7513 |    0.3096 |       0.2456 |  0.3057 |
+----+--------------------+-----------------------+------------+-------------+----------+--------+-----------+-----------+--------------+---------+
| 12 | LogisticRegression | CTGAN_HYBRID          |     0.8935 |      0.8731 |   0.8935 | 0.8661 |    0.6838 |    0.3701 |       0.2518 |  0.3117 |
+----+--------------------+-----------------------+------------+-------------+----------+--------+-----------+-----------+--------------+---------+
| 13 | LogisticRegression | GaussianCopula_HYBRID |     0.8829 |      0.7797 |   0.8829 | 0.8281 |    0.7072 |    0.3423 |      -0.0002 | -0.0038 |
+----+--------------------+-----------------------+------------+-------------+----------+--------+-----------+-----------+--------------+---------+
| 10 | LogisticRegression | Original              |     0.8944 |      0.8763 |   0.8944 | 0.8652 |    0.7584 |    0.3059 |       0.2427 |  0.3121 |
+----+--------------------+-----------------------+------------+-------------+----------+--------+-----------+-----------+--------------+---------+
| 14 | LogisticRegression | TVAE_HYBRID           |     0.8854 |      0.86   |   0.8854 | 0.8645 |    0.7067 |    0.425  |       0.2622 |  0.2907 |
+----+--------------------+-----------------------+------------+-------------+----------+--------+-----------+-----------+--------------+---------+
| 16 | RandomForest       | Anonymous             |     0.8926 |      0.8711 |   0.8926 | 0.8708 |    0.7745 |    0.3846 |       0.2903 |  0.3304 |
+----+--------------------+-----------------------+------------+-------------+----------+--------+-----------+-----------+--------------+---------+
| 17 | RandomForest       | CTGAN_HYBRID          |     0.8935 |      0.8737 |   0.8935 | 0.8648 |    0.7055 |    0.6051 |       0.2418 |  0.3067 |
+----+--------------------+-----------------------+------------+-------------+----------+--------+-----------+-----------+--------------+---------+
| 18 | RandomForest       | GaussianCopula_HYBRID |     0.883  |      0.7797 |   0.883  | 0.8281 |    0.6517 |    0.3657 |       0      |  0      |
+----+--------------------+-----------------------+------------+-------------+----------+--------+-----------+-----------+--------------+---------+
| 15 | RandomForest       | Original              |     0.8926 |      0.8708 |   0.8926 | 0.8689 |    0.7857 |    0.364  |       0.2757 |  0.3214 |
+----+--------------------+-----------------------+------------+-------------+----------+--------+-----------+-----------+--------------+---------+
| 19 | RandomForest       | TVAE_HYBRID           |     0.8915 |      0.8686 |   0.8915 | 0.8652 |    0.7226 |    0.9407 |       0.2494 |  0.3012 |
+----+--------------------+-----------------------+------------+-------------+----------+--------+-----------+-----------+--------------+---------+