+----+--------------------+-----------------------+------------+-------------+----------+--------+-----------+-----------+--------------+---------+
|    | Model              | Dataset               |   Accuracy |   Precision |   Recall |     F1 |   AUC-ROC |   LogLoss |   CohenKappa |     MCC |
+====+====================+=======================+============+=============+==========+========+===========+===========+==============+=========+
| 25 | DecisionTree       | Anonymous             |     0.8194 |      0.8224 |   0.8194 | 0.8209 |    0.5668 |    6.4428 |       0.1405 |  0.1405 |
+----+--------------------+-----------------------+------------+-------------+----------+--------+-----------+-----------+--------------+---------+
| 22 | DecisionTree       | CTGAN                 |     0.7337 |      0.8064 |   0.7337 | 0.7652 |    0.5376 |    9.5978 |       0.0552 |  0.0589 |
+----+--------------------+-----------------------+------------+-------------+----------+--------+-----------+-----------+--------------+---------+
| 26 | DecisionTree       | CTGAN_HYBRID          |     0.8052 |      0.7974 |   0.8052 | 0.8012 |    0.509  |    7.0233 |       0.0192 |  0.0192 |
+----+--------------------+-----------------------+------------+-------------+----------+--------+-----------+-----------+--------------+---------+
| 24 | DecisionTree       | GaussianCopula        |     0.8005 |      0.8113 |   0.8005 | 0.8057 |    0.5455 |    7.1904 |       0.0862 |  0.0864 |
+----+--------------------+-----------------------+------------+-------------+----------+--------+-----------+-----------+--------------+---------+
| 27 | DecisionTree       | GaussianCopula_HYBRID |     0.8192 |      0.8011 |   0.8192 | 0.8098 |    0.5168 |    6.5168 |       0.0369 |  0.0372 |
+----+--------------------+-----------------------+------------+-------------+----------+--------+-----------+-----------+--------------+---------+
| 21 | DecisionTree       | Original              |     0.8759 |      0.8769 |   0.8759 | 0.8764 |    0.7038 |    4.4721 |       0.4044 |  0.4044 |
+----+--------------------+-----------------------+------------+-------------+----------+--------+-----------+-----------+--------------+---------+
| 23 | DecisionTree       | TVAE                  |     0.801  |      0.868  |   0.801  | 0.8258 |    0.7176 |    7.1745 |       0.3111 |  0.3352 |
+----+--------------------+-----------------------+------------+-------------+----------+--------+-----------+-----------+--------------+---------+
| 11 | KNN                | Anonymous             |     0.8766 |      0.8357 |   0.8766 | 0.8451 |    0.6087 |    2.1283 |       0.1344 |  0.166  |
+----+--------------------+-----------------------+------------+-------------+----------+--------+-----------+-----------+--------------+---------+
|  8 | KNN                | CTGAN                 |     0.8226 |      0.7969 |   0.8226 | 0.8091 |    0.5215 |    1.4825 |       0.0165 |  0.0168 |
+----+--------------------+-----------------------+------------+-------------+----------+--------+-----------+-----------+--------------+---------+
| 12 | KNN                | CTGAN_HYBRID          |     0.8785 |      0.8029 |   0.8785 | 0.8285 |    0.5018 |    2.6913 |       0.0093 |  0.0207 |
+----+--------------------+-----------------------+------------+-------------+----------+--------+-----------+-----------+--------------+---------+
| 10 | KNN                | GaussianCopula        |     0.8768 |      0.8121 |   0.8768 | 0.831  |    0.6078 |    2.0795 |       0.0299 |  0.0521 |
+----+--------------------+-----------------------+------------+-------------+----------+--------+-----------+-----------+--------------+---------+
| 13 | KNN                | GaussianCopula_HYBRID |     0.8761 |      0.794  |   0.8761 | 0.8267 |    0.5136 |    2.7491 |       0.0007 |  0.0015 |
+----+--------------------+-----------------------+------------+-------------+----------+--------+-----------+-----------+--------------+---------+
|  7 | KNN                | Original              |     0.8821 |      0.8614 |   0.8821 | 0.8678 |    0.7531 |    1.5054 |       0.3004 |  0.3144 |
+----+--------------------+-----------------------+------------+-------------+----------+--------+-----------+-----------+--------------+---------+
|  9 | KNN                | TVAE                  |     0.8382 |      0.8512 |   0.8382 | 0.8443 |    0.6872 |    3.8231 |       0.2772 |  0.2786 |
+----+--------------------+-----------------------+------------+-------------+----------+--------+-----------+-----------+--------------+---------+
|  4 | LogisticRegression | Anonymous             |     0.8829 |      0.8266 |   0.8829 | 0.8285 |    0.6901 |    0.3386 |       0.0027 |  0.0207 |
+----+--------------------+-----------------------+------------+-------------+----------+--------+-----------+-----------+--------------+---------+
|  1 | LogisticRegression | CTGAN                 |     0.8879 |      0.8673 |   0.8879 | 0.8458 |    0.6958 |    0.3722 |       0.1147 |  0.2025 |
+----+--------------------+-----------------------+------------+-------------+----------+--------+-----------+-----------+--------------+---------+
|  5 | LogisticRegression | CTGAN_HYBRID          |     0.883  |      0.7797 |   0.883  | 0.8281 |    0.5149 |    0.3648 |       0      |  0      |
+----+--------------------+-----------------------+------------+-------------+----------+--------+-----------+-----------+--------------+---------+
|  3 | LogisticRegression | GaussianCopula        |     0.8823 |      0.8316 |   0.8823 | 0.8317 |    0.8735 |    0.2997 |       0.0254 |  0.0685 |
+----+--------------------+-----------------------+------------+-------------+----------+--------+-----------+-----------+--------------+---------+
|  6 | LogisticRegression | GaussianCopula_HYBRID |     0.8828 |      0.7797 |   0.8828 | 0.828  |    0.6336 |    0.355  |      -0.0004 | -0.0054 |
+----+--------------------+-----------------------+------------+-------------+----------+--------+-----------+-----------+--------------+---------+
|  0 | LogisticRegression | Original              |     0.9009 |      0.8857 |   0.9009 | 0.8866 |    0.8977 |    0.2487 |       0.3931 |  0.4191 |
+----+--------------------+-----------------------+------------+-------------+----------+--------+-----------+-----------+--------------+---------+
|  2 | LogisticRegression | TVAE                  |     0.859  |      0.8904 |   0.859  | 0.871  |    0.8746 |    0.6816 |       0.4426 |  0.4558 |
+----+--------------------+-----------------------+------------+-------------+----------+--------+-----------+-----------+--------------+---------+
| 18 | RandomForest       | Anonymous             |     0.867  |      0.8332 |   0.867  | 0.8451 |    0.6768 |    0.9106 |       0.1629 |  0.1771 |
+----+--------------------+-----------------------+------------+-------------+----------+--------+-----------+-----------+--------------+---------+
| 15 | RandomForest       | CTGAN                 |     0.8826 |      0.8355 |   0.8826 | 0.8328 |    0.6908 |    0.3727 |       0.0326 |  0.0815 |
+----+--------------------+-----------------------+------------+-------------+----------+--------+-----------+-----------+--------------+---------+
| 19 | RandomForest       | CTGAN_HYBRID          |     0.867  |      0.7866 |   0.867  | 0.8221 |    0.53   |    0.8642 |      -0.0144 | -0.0218 |
+----+--------------------+-----------------------+------------+-------------+----------+--------+-----------+-----------+--------------+---------+
| 17 | RandomForest       | GaussianCopula        |     0.8829 |      0.7797 |   0.8829 | 0.8281 |    0.8003 |    0.3103 |      -0.0002 | -0.0038 |
+----+--------------------+-----------------------+------------+-------------+----------+--------+-----------+-----------+--------------+---------+
| 20 | RandomForest       | GaussianCopula_HYBRID |     0.8766 |      0.7864 |   0.8766 | 0.8257 |    0.6035 |    0.6676 |      -0.0067 | -0.015  |
+----+--------------------+-----------------------+------------+-------------+----------+--------+-----------+-----------+--------------+---------+
| 14 | RandomForest       | Original              |     0.9081 |      0.8963 |   0.9081 | 0.8969 |    0.9288 |    0.2129 |       0.4544 |  0.4757 |
+----+--------------------+-----------------------+------------+-------------+----------+--------+-----------+-----------+--------------+---------+
| 16 | RandomForest       | TVAE                  |     0.8861 |      0.8703 |   0.8861 | 0.8757 |    0.873  |    0.3238 |       0.3533 |  0.3627 |
+----+--------------------+-----------------------+------------+-------------+----------+--------+-----------+-----------+--------------+---------+