+----+--------------------+-----------------------+------------+-------------+----------+--------+-----------+-----------+--------------+---------+
|    | Model              | Dataset               |   Accuracy |   Precision |   Recall |     F1 |   AUC-ROC |   LogLoss |   CohenKappa |     MCC |
+====+====================+=======================+============+=============+==========+========+===========+===========+==============+=========+
|  1 | DecisionTree       | Anonymous             |     0.8255 |      0.8254 |   0.8255 | 0.8254 |    0.5719 |    6.1229 |       0.1547 |  0.1548 |
+----+--------------------+-----------------------+------------+-------------+----------+--------+-----------+-----------+--------------+---------+
|  2 | DecisionTree       | CTGAN_HYBRID          |     0.8245 |      0.8106 |   0.8245 | 0.8173 |    0.5402 |    6.2751 |       0.0825 |  0.083  |
+----+--------------------+-----------------------+------------+-------------+----------+--------+-----------+-----------+--------------+---------+
|  3 | DecisionTree       | GaussianCopula_HYBRID |     0.8019 |      0.8025 |   0.8019 | 0.8022 |    0.5222 |    7.1386 |       0.0442 |  0.0442 |
+----+--------------------+-----------------------+------------+-------------+----------+--------+-----------+-----------+--------------+---------+
|  0 | DecisionTree       | Original              |     0.8727 |      0.8731 |   0.8727 | 0.8729 |    0.6934 |    4.5877 |       0.3857 |  0.3857 |
+----+--------------------+-----------------------+------------+-------------+----------+--------+-----------+-----------+--------------+---------+
|  4 | DecisionTree       | TVAE_HYBRID           |     0.796  |      0.8142 |   0.796  | 0.8046 |    0.5554 |    7.2711 |       0.0993 |  0.1    |
+----+--------------------+-----------------------+------------+-------------+----------+--------+-----------+-----------+--------------+---------+
|  6 | KNN                | Anonymous             |     0.8777 |      0.8379 |   0.8777 | 0.8462 |    0.6045 |    2.1703 |       0.1401 |  0.1737 |
+----+--------------------+-----------------------+------------+-------------+----------+--------+-----------+-----------+--------------+---------+
|  7 | KNN                | CTGAN_HYBRID          |     0.8727 |      0.8022 |   0.8727 | 0.828  |    0.547  |    2.6538 |       0.0167 |  0.0267 |
+----+--------------------+-----------------------+------------+-------------+----------+--------+-----------+-----------+--------------+---------+
|  8 | KNN                | GaussianCopula_HYBRID |     0.8782 |      0.7957 |   0.8782 | 0.8274 |    0.5172 |    2.6991 |       0.002  |  0.0047 |
+----+--------------------+-----------------------+------------+-------------+----------+--------+-----------+-----------+--------------+---------+
|  5 | KNN                | Original              |     0.8821 |      0.8614 |   0.8821 | 0.8678 |    0.753  |    1.5055 |       0.3004 |  0.3144 |
+----+--------------------+-----------------------+------------+-------------+----------+--------+-----------+-----------+--------------+---------+
|  9 | KNN                | TVAE_HYBRID           |     0.841  |      0.8159 |   0.841  | 0.8272 |    0.591  |    2.0448 |       0.104  |  0.1065 |
+----+--------------------+-----------------------+------------+-------------+----------+--------+-----------+-----------+--------------+---------+
| 11 | LogisticRegression | Anonymous             |     0.8829 |      0.8266 |   0.8829 | 0.8285 |    0.6895 |    0.3388 |       0.0027 |  0.0207 |
+----+--------------------+-----------------------+------------+-------------+----------+--------+-----------+-----------+--------------+---------+
| 12 | LogisticRegression | CTGAN_HYBRID          |     0.8817 |      0.8065 |   0.8817 | 0.8285 |    0.6715 |    0.3561 |       0.0045 |  0.0169 |
+----+--------------------+-----------------------+------------+-------------+----------+--------+-----------+-----------+--------------+---------+
| 13 | LogisticRegression | GaussianCopula_HYBRID |     0.8828 |      0.7797 |   0.8828 | 0.828  |    0.6297 |    0.3559 |      -0.0004 | -0.0054 |
+----+--------------------+-----------------------+------------+-------------+----------+--------+-----------+-----------+--------------+---------+
| 10 | LogisticRegression | Original              |     0.9009 |      0.8857 |   0.9009 | 0.8866 |    0.8977 |    0.2487 |       0.3931 |  0.4191 |
+----+--------------------+-----------------------+------------+-------------+----------+--------+-----------+-----------+--------------+---------+
| 14 | LogisticRegression | TVAE_HYBRID           |     0.8032 |      0.8065 |   0.8032 | 0.8048 |    0.6496 |    0.706  |       0.0635 |  0.0635 |
+----+--------------------+-----------------------+------------+-------------+----------+--------+-----------+-----------+--------------+---------+
| 16 | RandomForest       | Anonymous             |     0.8425 |      0.8163 |   0.8425 | 0.828  |    0.6607 |    1.0909 |       0.105  |  0.1079 |
+----+--------------------+-----------------------+------------+-------------+----------+--------+-----------+-----------+--------------+---------+
| 17 | RandomForest       | CTGAN_HYBRID          |     0.8527 |      0.7969 |   0.8527 | 0.821  |    0.6178 |    1.3735 |       0.0127 |  0.0146 |
+----+--------------------+-----------------------+------------+-------------+----------+--------+-----------+-----------+--------------+---------+
| 18 | RandomForest       | GaussianCopula_HYBRID |     0.8769 |      0.7954 |   0.8769 | 0.8271 |    0.5946 |    0.5214 |       0.0022 |  0.0046 |
+----+--------------------+-----------------------+------------+-------------+----------+--------+-----------+-----------+--------------+---------+
| 15 | RandomForest       | Original              |     0.9031 |      0.8895 |   0.9031 | 0.8912 |    0.9255 |    0.229  |       0.4234 |  0.4438 |
+----+--------------------+-----------------------+------------+-------------+----------+--------+-----------+-----------+--------------+---------+
| 19 | RandomForest       | TVAE_HYBRID           |     0.8111 |      0.8125 |   0.8111 | 0.8118 |    0.6416 |    1.2963 |       0.0926 |  0.0926 |
+----+--------------------+-----------------------+------------+-------------+----------+--------+-----------+-----------+--------------+---------+