+----+--------------------+-----------------------+------------+-------------+----------+--------+-----------+-----------+--------------+---------+
|    | Model              | Dataset               |   Accuracy |   Precision |   Recall |     F1 |   AUC-ROC |   LogLoss |   CohenKappa |     MCC |
+====+====================+=======================+============+=============+==========+========+===========+===========+==============+=========+
|  1 | DecisionTree       | Anonymous             |     0.8236 |      0.8188 |   0.8236 | 0.8212 |    0.5538 |    6.1902 |       0.123  |  0.1231 |
+----+--------------------+-----------------------+------------+-------------+----------+--------+-----------+-----------+--------------+---------+
|  2 | DecisionTree       | CTGAN_HYBRID          |     0.8378 |      0.8042 |   0.8378 | 0.8194 |    0.5198 |    5.8339 |       0.0482 |  0.0502 |
+----+--------------------+-----------------------+------------+-------------+----------+--------+-----------+-----------+--------------+---------+
|  3 | DecisionTree       | GaussianCopula_HYBRID |     0.8032 |      0.8051 |   0.8032 | 0.8041 |    0.5286 |    7.0947 |       0.0566 |  0.0566 |
+----+--------------------+-----------------------+------------+-------------+----------+--------+-----------+-----------+--------------+---------+
|  0 | DecisionTree       | Original              |     0.8742 |      0.8754 |   0.8742 | 0.8748 |    0.7004 |    4.5358 |       0.3969 |  0.3969 |
+----+--------------------+-----------------------+------------+-------------+----------+--------+-----------+-----------+--------------+---------+
|  4 | DecisionTree       | TVAE_HYBRID           |     0.7691 |      0.8166 |   0.7691 | 0.7903 |    0.5646 |    8.2869 |       0.1049 |  0.1086 |
+----+--------------------+-----------------------+------------+-------------+----------+--------+-----------+-----------+--------------+---------+
|  6 | KNN                | Anonymous             |     0.8779 |      0.8378 |   0.8779 | 0.8459 |    0.6074 |    2.1672 |       0.1376 |  0.172  |
+----+--------------------+-----------------------+------------+-------------+----------+--------+-----------+-----------+--------------+---------+
|  7 | KNN                | CTGAN_HYBRID          |     0.8819 |      0.8092 |   0.8819 | 0.8286 |    0.527  |    2.9526 |       0.005  |  0.0195 |
+----+--------------------+-----------------------+------------+-------------+----------+--------+-----------+-----------+--------------+---------+
|  8 | KNN                | GaussianCopula_HYBRID |     0.8758 |      0.7966 |   0.8758 | 0.8271 |    0.517  |    2.6062 |       0.0042 |  0.0081 |
+----+--------------------+-----------------------+------------+-------------+----------+--------+-----------+-----------+--------------+---------+
|  5 | KNN                | Original              |     0.8821 |      0.8614 |   0.8821 | 0.8678 |    0.753  |    1.5055 |       0.3004 |  0.3144 |
+----+--------------------+-----------------------+------------+-------------+----------+--------+-----------+-----------+--------------+---------+
|  9 | KNN                | TVAE_HYBRID           |     0.8608 |      0.8302 |   0.8608 | 0.8422 |    0.6097 |    2.0001 |       0.1598 |  0.1688 |
+----+--------------------+-----------------------+------------+-------------+----------+--------+-----------+-----------+--------------+---------+
| 11 | LogisticRegression | Anonymous             |     0.8829 |      0.8266 |   0.8829 | 0.8285 |    0.6905 |    0.3383 |       0.0027 |  0.0207 |
+----+--------------------+-----------------------+------------+-------------+----------+--------+-----------+-----------+--------------+---------+
| 12 | LogisticRegression | CTGAN_HYBRID          |     0.8829 |      0.7797 |   0.8829 | 0.8281 |    0.6463 |    0.3664 |      -0.0002 | -0.0038 |
+----+--------------------+-----------------------+------------+-------------+----------+--------+-----------+-----------+--------------+---------+
| 13 | LogisticRegression | GaussianCopula_HYBRID |     0.8829 |      0.7797 |   0.8829 | 0.8281 |    0.6288 |    0.3549 |      -0.0002 | -0.0038 |
+----+--------------------+-----------------------+------------+-------------+----------+--------+-----------+-----------+--------------+---------+
| 10 | LogisticRegression | Original              |     0.9009 |      0.8857 |   0.9009 | 0.8866 |    0.8977 |    0.2487 |       0.3931 |  0.4191 |
+----+--------------------+-----------------------+------------+-------------+----------+--------+-----------+-----------+--------------+---------+
| 14 | LogisticRegression | TVAE_HYBRID           |     0.8625 |      0.8138 |   0.8625 | 0.8322 |    0.6714 |    0.3836 |       0.0728 |  0.0849 |
+----+--------------------+-----------------------+------------+-------------+----------+--------+-----------+-----------+--------------+---------+
| 16 | RandomForest       | Anonymous             |     0.844  |      0.8186 |   0.844  | 0.8299 |    0.6581 |    1.1539 |       0.1162 |  0.1192 |
+----+--------------------+-----------------------+------------+-------------+----------+--------+-----------+-----------+--------------+---------+
| 17 | RandomForest       | CTGAN_HYBRID          |     0.8612 |      0.792  |   0.8612 | 0.8218 |    0.6106 |    1.434  |      -0.0038 | -0.005  |
+----+--------------------+-----------------------+------------+-------------+----------+--------+-----------+-----------+--------------+---------+
| 18 | RandomForest       | GaussianCopula_HYBRID |     0.8775 |      0.7966 |   0.8775 | 0.8274 |    0.609  |    0.6397 |       0.0033 |  0.0071 |
+----+--------------------+-----------------------+------------+-------------+----------+--------+-----------+-----------+--------------+---------+
| 15 | RandomForest       | Original              |     0.9062 |      0.8939 |   0.9062 | 0.8951 |    0.9272 |    0.2274 |       0.4457 |  0.4656 |
+----+--------------------+-----------------------+------------+-------------+----------+--------+-----------+-----------+--------------+---------+
| 19 | RandomForest       | TVAE_HYBRID           |     0.8052 |      0.8222 |   0.8052 | 0.8132 |    0.6511 |    0.8761 |       0.1376 |  0.1384 |
+----+--------------------+-----------------------+------------+-------------+----------+--------+-----------+-----------+--------------+---------+