+----+--------------------+-----------------------+------------+-------------+----------+--------+-----------+-----------+--------------+---------+
|    | Model              | Dataset               |   Accuracy |   Precision |   Recall |     F1 |   AUC-ROC |   LogLoss |   CohenKappa |     MCC |
+====+====================+=======================+============+=============+==========+========+===========+===========+==============+=========+
|  1 | DecisionTree       | Anonymous             |     0.6672 |      0.6722 |   0.6672 | 0.6696 |    0.7183 |   11.5047 |       0.4619 |  0.462  |
+----+--------------------+-----------------------+------------+-------------+----------+--------+-----------+-----------+--------------+---------+
|  2 | DecisionTree       | CTGAN_HYBRID          |     0.3946 |      0.3717 |   0.3946 | 0.3767 |    0.4875 |   21.8216 |      -0.0313 | -0.0319 |
+----+--------------------+-----------------------+------------+-------------+----------+--------+-----------+-----------+--------------+---------+
|  3 | DecisionTree       | GaussianCopula_HYBRID |     0.3855 |      0.3982 |   0.3855 | 0.3896 |    0.509  |   22.1473 |       0.0227 |  0.0229 |
+----+--------------------+-----------------------+------------+-------------+----------+--------+-----------+-----------+--------------+---------+
|  0 | DecisionTree       | Original              |     0.6785 |      0.6939 |   0.6785 | 0.6849 |    0.7369 |   11.5893 |       0.4867 |  0.4878 |
+----+--------------------+-----------------------+------------+-------------+----------+--------+-----------+-----------+--------------+---------+
|  4 | DecisionTree       | TVAE_HYBRID           |     0.5956 |      0.5915 |   0.5956 | 0.5758 |    0.6553 |   13.7489 |       0.342  |  0.357  |
+----+--------------------+-----------------------+------------+-------------+----------+--------+-----------+-----------+--------------+---------+
|  6 | KNN                | Anonymous             |     0.6627 |      0.6475 |   0.6627 | 0.6526 |    0.7716 |    3.7575 |       0.4368 |  0.4391 |
+----+--------------------+-----------------------+------------+-------------+----------+--------+-----------+-----------+--------------+---------+
|  7 | KNN                | CTGAN_HYBRID          |     0.4887 |      0.4397 |   0.4887 | 0.4076 |    0.517  |    8.8362 |       0.0398 |  0.0506 |
+----+--------------------+-----------------------+------------+-------------+----------+--------+-----------+-----------+--------------+---------+
|  8 | KNN                | GaussianCopula_HYBRID |     0.4789 |      0.422  |   0.4789 | 0.4339 |    0.5396 |    6.5335 |       0.0749 |  0.0804 |
+----+--------------------+-----------------------+------------+-------------+----------+--------+-----------+-----------+--------------+---------+
|  5 | KNN                | Original              |     0.5798 |      0.5704 |   0.5798 | 0.5742 |    0.703  |    4.3475 |       0.306  |  0.3067 |
+----+--------------------+-----------------------+------------+-------------+----------+--------+-----------+-----------+--------------+---------+
|  9 | KNN                | TVAE_HYBRID           |     0.564  |      0.5567 |   0.564  | 0.5342 |    0.6768 |    9.8805 |       0.2924 |  0.3141 |
+----+--------------------+-----------------------+------------+-------------+----------+--------+-----------+-----------+--------------+---------+
| 11 | LogisticRegression | Anonymous             |     0.7357 |      0.6993 |   0.7357 | 0.7011 |    0.8563 |    0.6501 |       0.5444 |  0.5581 |
+----+--------------------+-----------------------+------------+-------------+----------+--------+-----------+-----------+--------------+---------+
| 12 | LogisticRegression | CTGAN_HYBRID          |     0.4962 |      0.2485 |   0.4962 | 0.3312 |    0.3829 |    1.1635 |      -0.0049 | -0.0407 |
+----+--------------------+-----------------------+------------+-------------+----------+--------+-----------+-----------+--------------+---------+
| 13 | LogisticRegression | GaussianCopula_HYBRID |     0.4932 |      0.2836 |   0.4932 | 0.3313 |    0.5064 |    1.0467 |      -0.0086 | -0.0431 |
+----+--------------------+-----------------------+------------+-------------+----------+--------+-----------+-----------+--------------+---------+
| 10 | LogisticRegression | Original              |     0.7756 |      0.7608 |   0.7756 | 0.7619 |    0.879  |    0.5821 |       0.6209 |  0.6275 |
+----+--------------------+-----------------------+------------+-------------+----------+--------+-----------+-----------+--------------+---------+
| 14 | LogisticRegression | TVAE_HYBRID           |     0.6152 |      0.6209 |   0.6152 | 0.5808 |    0.7681 |    2.5209 |       0.3695 |  0.4006 |
+----+--------------------+-----------------------+------------+-------------+----------+--------+-----------+-----------+--------------+---------+
| 16 | RandomForest       | Anonymous             |     0.7553 |      0.7311 |   0.7553 | 0.7311 |    0.8621 |    0.7418 |       0.5809 |  0.592  |
+----+--------------------+-----------------------+------------+-------------+----------+--------+-----------+-----------+--------------+---------+
| 17 | RandomForest       | CTGAN_HYBRID          |     0.4992 |      0.2492 |   0.4992 | 0.3325 |    0.4842 |    1.1847 |       0      |  0      |
+----+--------------------+-----------------------+------------+-------------+----------+--------+-----------+-----------+--------------+---------+
| 18 | RandomForest       | GaussianCopula_HYBRID |     0.4887 |      0.4132 |   0.4887 | 0.4141 |    0.6154 |    0.9977 |       0.0537 |  0.0644 |
+----+--------------------+-----------------------+------------+-------------+----------+--------+-----------+-----------+--------------+---------+
| 15 | RandomForest       | Original              |     0.7733 |      0.7575 |   0.7733 | 0.7577 |    0.8888 |    0.5968 |       0.6155 |  0.6235 |
+----+--------------------+-----------------------+------------+-------------+----------+--------+-----------+-----------+--------------+---------+
| 19 | RandomForest       | TVAE_HYBRID           |     0.622  |      0.6268 |   0.622  | 0.5874 |    0.7978 |    1.8317 |       0.3862 |  0.4243 |
+----+--------------------+-----------------------+------------+-------------+----------+--------+-----------+-----------+--------------+---------+