+----+--------------------+-----------------------+------------+-------------+----------+--------+-----------+-----------+--------------+--------+
|    | Model              | Dataset               |   Accuracy |   Precision |   Recall |     F1 |   AUC-ROC |   LogLoss |   CohenKappa |    MCC |
+====+====================+=======================+============+=============+==========+========+===========+===========+==============+========+
|  1 | DecisionTree       | Anonymous             |     0.6762 |      0.6817 |   0.6762 | 0.6788 |    0.7298 |   11.1257 |       0.4769 | 0.477  |
+----+--------------------+-----------------------+------------+-------------+----------+--------+-----------+-----------+--------------+--------+
|  2 | DecisionTree       | CTGAN_HYBRID          |     0.3599 |      0.407  |   0.3599 | 0.3713 |    0.5163 |   23.0701 |       0.0316 | 0.0327 |
+----+--------------------+-----------------------+------------+-------------+----------+--------+-----------+-----------+--------------+--------+
|  3 | DecisionTree       | GaussianCopula_HYBRID |     0.4473 |      0.4533 |   0.4473 | 0.4501 |    0.5526 |   19.9217 |       0.1098 | 0.1098 |
+----+--------------------+-----------------------+------------+-------------+----------+--------+-----------+-----------+--------------+--------+
|  0 | DecisionTree       | Original              |     0.6747 |      0.6923 |   0.6747 | 0.6821 |    0.7336 |   11.725  |       0.4817 | 0.483  |
+----+--------------------+-----------------------+------------+-------------+----------+--------+-----------+-----------+--------------+--------+
|  4 | DecisionTree       | TVAE_HYBRID           |     0.5791 |      0.6009 |   0.5791 | 0.5705 |    0.6512 |   14.7912 |       0.3353 | 0.3499 |
+----+--------------------+-----------------------+------------+-------------+----------+--------+-----------+-----------+--------------+--------+
|  6 | KNN                | Anonymous             |     0.6965 |      0.6837 |   0.6965 | 0.6883 |    0.804  |    3.4723 |       0.4955 | 0.4972 |
+----+--------------------+-----------------------+------------+-------------+----------+--------+-----------+-----------+--------------+--------+
|  7 | KNN                | CTGAN_HYBRID          |     0.3381 |      0.3882 |   0.3381 | 0.3475 |    0.5065 |    6.3827 |       0.0047 | 0.0049 |
+----+--------------------+-----------------------+------------+-------------+----------+--------+-----------+-----------+--------------+--------+
|  8 | KNN                | GaussianCopula_HYBRID |     0.4639 |      0.4494 |   0.4639 | 0.4512 |    0.5384 |    6.2646 |       0.0985 | 0.0996 |
+----+--------------------+-----------------------+------------+-------------+----------+--------+-----------+-----------+--------------+--------+
|  5 | KNN                | Original              |     0.5798 |      0.5704 |   0.5798 | 0.5742 |    0.703  |    4.3475 |       0.306  | 0.3067 |
+----+--------------------+-----------------------+------------+-------------+----------+--------+-----------+-----------+--------------+--------+
|  9 | KNN                | TVAE_HYBRID           |     0.5836 |      0.5898 |   0.5836 | 0.5688 |    0.6959 |    8.5957 |       0.3274 | 0.3414 |
+----+--------------------+-----------------------+------------+-------------+----------+--------+-----------+-----------+--------------+--------+
| 11 | LogisticRegression | Anonymous             |     0.738  |      0.7079 |   0.738  | 0.7136 |    0.8606 |    0.6236 |       0.5542 | 0.5624 |
+----+--------------------+-----------------------+------------+-------------+----------+--------+-----------+-----------+--------------+--------+
| 12 | LogisticRegression | CTGAN_HYBRID          |     0.4179 |      0.4759 |   0.4179 | 0.4232 |    0.5453 |    1.0967 |       0.118  | 0.1246 |
+----+--------------------+-----------------------+------------+-------------+----------+--------+-----------+-----------+--------------+--------+
| 13 | LogisticRegression | GaussianCopula_HYBRID |     0.5527 |      0.553  |   0.5527 | 0.4459 |    0.7243 |    0.9547 |       0.1345 | 0.2247 |
+----+--------------------+-----------------------+------------+-------------+----------+--------+-----------+-----------+--------------+--------+
| 10 | LogisticRegression | Original              |     0.7756 |      0.7608 |   0.7756 | 0.7619 |    0.879  |    0.5821 |       0.6209 | 0.6275 |
+----+--------------------+-----------------------+------------+-------------+----------+--------+-----------+-----------+--------------+--------+
| 14 | LogisticRegression | TVAE_HYBRID           |     0.6566 |      0.6026 |   0.6566 | 0.6096 |    0.7743 |    1.3751 |       0.4177 | 0.4344 |
+----+--------------------+-----------------------+------------+-------------+----------+--------+-----------+-----------+--------------+--------+
| 16 | RandomForest       | Anonymous             |     0.7538 |      0.7361 |   0.7538 | 0.739  |    0.8679 |    0.8755 |       0.584  | 0.5902 |
+----+--------------------+-----------------------+------------+-------------+----------+--------+-----------+-----------+--------------+--------+
| 17 | RandomForest       | CTGAN_HYBRID          |     0.4202 |      0.4657 |   0.4202 | 0.4371 |    0.5788 |    1.0686 |       0.1067 | 0.1088 |
+----+--------------------+-----------------------+------------+-------------+----------+--------+-----------+-----------+--------------+--------+
| 18 | RandomForest       | GaussianCopula_HYBRID |     0.5392 |      0.4488 |   0.5392 | 0.4604 |    0.6139 |    0.9861 |       0.1424 | 0.1725 |
+----+--------------------+-----------------------+------------+-------------+----------+--------+-----------+-----------+--------------+--------+
| 15 | RandomForest       | Original              |     0.7771 |      0.7641 |   0.7771 | 0.7636 |    0.886  |    0.6029 |       0.6229 | 0.63   |
+----+--------------------+-----------------------+------------+-------------+----------+--------+-----------+-----------+--------------+--------+
| 19 | RandomForest       | TVAE_HYBRID           |     0.6401 |      0.6145 |   0.6401 | 0.6024 |    0.752  |    2.3939 |       0.4098 | 0.4382 |
+----+--------------------+-----------------------+------------+-------------+----------+--------+-----------+-----------+--------------+--------+