+----+--------------------+----------------+------------+-------------+----------+--------+-----------+-----------+--------------+---------+
|    | Model              | Dataset        |   Accuracy |   Precision |   Recall |     F1 |   AUC-ROC |   LogLoss |   CohenKappa |     MCC |
+====+====================+================+============+=============+==========+========+===========+===========+==============+=========+
|  1 | DecisionTree       | CTGAN          |     0.818  |      0.8219 |   0.818  | 0.8199 |    0.5706 |    6.5606 |       0.1381 |  0.1382 |
+----+--------------------+----------------+------------+-------------+----------+--------+-----------+-----------+--------------+---------+
|  2 | DecisionTree       | GaussianCopula |     0.7913 |      0.8015 |   0.7913 | 0.7963 |    0.5207 |    7.5212 |       0.0393 |  0.0394 |
+----+--------------------+----------------+------------+-------------+----------+--------+-----------+-----------+--------------+---------+
|  0 | DecisionTree       | Original       |     0.8289 |      0.837  |   0.8289 | 0.8328 |    0.6104 |    6.166  |       0.2105 |  0.2109 |
+----+--------------------+----------------+------------+-------------+----------+--------+-----------+-----------+--------------+---------+
|  3 | DecisionTree       | TVAE           |     0.8066 |      0.8286 |   0.8066 | 0.8168 |    0.5937 |    6.9712 |       0.1667 |  0.1685 |
+----+--------------------+----------------+------------+-------------+----------+--------+-----------+-----------+--------------+---------+
|  5 | KNN                | CTGAN          |     0.8768 |      0.8267 |   0.8768 | 0.8379 |    0.581  |    2.4848 |       0.0803 |  0.1137 |
+----+--------------------+----------------+------------+-------------+----------+--------+-----------+-----------+--------------+---------+
|  6 | KNN                | GaussianCopula |     0.8779 |      0.8013 |   0.8779 | 0.8282 |    0.5008 |    2.7547 |       0.0082 |  0.0177 |
+----+--------------------+----------------+------------+-------------+----------+--------+-----------+-----------+--------------+---------+
|  4 | KNN                | Original       |     0.8779 |      0.8378 |   0.8779 | 0.8459 |    0.6105 |    2.1223 |       0.1376 |  0.172  |
+----+--------------------+----------------+------------+-------------+----------+--------+-----------+-----------+--------------+---------+
|  7 | KNN                | TVAE           |     0.7464 |      0.8217 |   0.7464 | 0.7778 |    0.6222 |    6.4717 |       0.1186 |  0.1275 |
+----+--------------------+----------------+------------+-------------+----------+--------+-----------+-----------+--------------+---------+
|  9 | LogisticRegression | CTGAN          |     0.8931 |      0.872  |   0.8931 | 0.8661 |    0.688  |    0.3331 |       0.2522 |  0.3098 |
+----+--------------------+----------------+------------+-------------+----------+--------+-----------+-----------+--------------+---------+
| 10 | LogisticRegression | GaussianCopula |     0.8829 |      0.7797 |   0.8829 | 0.8281 |    0.7298 |    0.339  |      -0.0002 | -0.0038 |
+----+--------------------+----------------+------------+-------------+----------+--------+-----------+-----------+--------------+---------+
|  8 | LogisticRegression | Original       |     0.8944 |      0.8763 |   0.8944 | 0.8652 |    0.7584 |    0.3059 |       0.2427 |  0.3121 |
+----+--------------------+----------------+------------+-------------+----------+--------+-----------+-----------+--------------+---------+
| 11 | LogisticRegression | TVAE           |     0.8632 |      0.8437 |   0.8632 | 0.8518 |    0.6996 |    0.5503 |       0.2333 |  0.2384 |
+----+--------------------+----------------+------------+-------------+----------+--------+-----------+-----------+--------------+---------+
| 13 | RandomForest       | CTGAN          |     0.8926 |      0.8714 |   0.8926 | 0.8644 |    0.6656 |    0.4046 |       0.241  |  0.3016 |
+----+--------------------+----------------+------------+-------------+----------+--------+-----------+-----------+--------------+---------+
| 14 | RandomForest       | GaussianCopula |     0.883  |      0.7797 |   0.883  | 0.8281 |    0.674  |    0.345  |       0      |  0      |
+----+--------------------+----------------+------------+-------------+----------+--------+-----------+-----------+--------------+---------+
| 12 | RandomForest       | Original       |     0.893  |      0.8716 |   0.893  | 0.8707 |    0.7869 |    0.351  |       0.2889 |  0.3307 |
+----+--------------------+----------------+------------+-------------+----------+--------+-----------+-----------+--------------+---------+
| 15 | RandomForest       | TVAE           |     0.8683 |      0.8493 |   0.8683 | 0.8569 |    0.7234 |    0.9469 |       0.2583 |  0.2644 |
+----+--------------------+----------------+------------+-------------+----------+--------+-----------+-----------+--------------+---------+