+----+--------------------+-----------------------+------------+-------------+----------+--------+-----------+-----------+--------------+--------+
|    | Model              | Dataset               |   Accuracy |   Precision |   Recall |     F1 |   AUC-ROC |   LogLoss |   CohenKappa |    MCC |
+====+====================+=======================+============+=============+==========+========+===========+===========+==============+========+
|  1 | DecisionTree       | Anonymous             |     0.6739 |      0.6868 |   0.6739 | 0.6795 |    0.7286 |   11.7522 |       0.4769 | 0.4776 |
+----+--------------------+-----------------------+------------+-------------+----------+--------+-----------+-----------+--------------+--------+
|  2 | DecisionTree       | CTGAN_HYBRID          |     0.4383 |      0.4282 |   0.4383 | 0.4318 |    0.5319 |   20.2474 |       0.0719 | 0.0722 |
+----+--------------------+-----------------------+------------+-------------+----------+--------+-----------+-----------+--------------+--------+
|  3 | DecisionTree       | GaussianCopula_HYBRID |     0.4232 |      0.423  |   0.4232 | 0.423  |    0.5265 |   20.7902 |       0.0623 | 0.0623 |
+----+--------------------+-----------------------+------------+-------------+----------+--------+-----------+-----------+--------------+--------+
|  0 | DecisionTree       | Original              |     0.6852 |      0.703  |   0.6852 | 0.6925 |    0.7415 |   11.3451 |       0.4974 | 0.4988 |
+----+--------------------+-----------------------+------------+-------------+----------+--------+-----------+-----------+--------------+--------+
|  4 | DecisionTree       | TVAE_HYBRID           |     0.5625 |      0.6035 |   0.5625 | 0.5795 |    0.6471 |   15.7691 |       0.3147 | 0.3176 |
+----+--------------------+-----------------------+------------+-------------+----------+--------+-----------+-----------+--------------+--------+
|  6 | KNN                | Anonymous             |     0.5768 |      0.559  |   0.5768 | 0.5648 |    0.6816 |    5.0817 |       0.2896 | 0.292  |
+----+--------------------+-----------------------+------------+-------------+----------+--------+-----------+-----------+--------------+--------+
|  7 | KNN                | CTGAN_HYBRID          |     0.4646 |      0.3776 |   0.4646 | 0.3849 |    0.5166 |   11.8632 |       0.0017 | 0.0022 |
+----+--------------------+-----------------------+------------+-------------+----------+--------+-----------+-----------+--------------+--------+
|  8 | KNN                | GaussianCopula_HYBRID |     0.4224 |      0.3907 |   0.4224 | 0.402  |    0.5086 |    5.1943 |       0.0128 | 0.0131 |
+----+--------------------+-----------------------+------------+-------------+----------+--------+-----------+-----------+--------------+--------+
|  5 | KNN                | Original              |     0.5798 |      0.5704 |   0.5798 | 0.5742 |    0.703  |    4.3475 |       0.306  | 0.3067 |
+----+--------------------+-----------------------+------------+-------------+----------+--------+-----------+-----------+--------------+--------+
|  9 | KNN                | TVAE_HYBRID           |     0.5136 |      0.5128 |   0.5136 | 0.5124 |    0.6437 |    5.4306 |       0.2124 | 0.2128 |
+----+--------------------+-----------------------+------------+-------------+----------+--------+-----------+-----------+--------------+--------+
| 11 | LogisticRegression | Anonymous             |     0.7252 |      0.7058 |   0.7252 | 0.7098 |    0.8053 |    1.0189 |       0.5358 | 0.5412 |
+----+--------------------+-----------------------+------------+-------------+----------+--------+-----------+-----------+--------------+--------+
| 12 | LogisticRegression | CTGAN_HYBRID          |     0.5851 |      0.5589 |   0.5851 | 0.5384 |    0.6772 |    1.3276 |       0.2519 | 0.282  |
+----+--------------------+-----------------------+------------+-------------+----------+--------+-----------+-----------+--------------+--------+
| 13 | LogisticRegression | GaussianCopula_HYBRID |     0.552  |      0.4868 |   0.552  | 0.471  |    0.609  |    1.2206 |       0.1665 | 0.2077 |
+----+--------------------+-----------------------+------------+-------------+----------+--------+-----------+-----------+--------------+--------+
| 10 | LogisticRegression | Original              |     0.7756 |      0.7608 |   0.7756 | 0.7619 |    0.879  |    0.5821 |       0.6209 | 0.6275 |
+----+--------------------+-----------------------+------------+-------------+----------+--------+-----------+-----------+--------------+--------+
| 14 | LogisticRegression | TVAE_HYBRID           |     0.6498 |      0.6513 |   0.6498 | 0.6502 |    0.7389 |    2.1058 |       0.4295 | 0.4298 |
+----+--------------------+-----------------------+------------+-------------+----------+--------+-----------+-----------+--------------+--------+
| 16 | RandomForest       | Anonymous             |     0.7688 |      0.7523 |   0.7688 | 0.7544 |    0.8814 |    0.5954 |       0.6098 | 0.6158 |
+----+--------------------+-----------------------+------------+-------------+----------+--------+-----------+-----------+--------------+--------+
| 17 | RandomForest       | CTGAN_HYBRID          |     0.6235 |      0.513  |   0.6235 | 0.5553 |    0.656  |    0.9567 |       0.3167 | 0.3493 |
+----+--------------------+-----------------------+------------+-------------+----------+--------+-----------+-----------+--------------+--------+
| 18 | RandomForest       | GaussianCopula_HYBRID |     0.5693 |      0.5093 |   0.5693 | 0.4928 |    0.6449 |    0.9743 |       0.1992 | 0.2449 |
+----+--------------------+-----------------------+------------+-------------+----------+--------+-----------+-----------+--------------+--------+
| 15 | RandomForest       | Original              |     0.7771 |      0.7626 |   0.7771 | 0.7628 |    0.8886 |    0.5974 |       0.623  | 0.6299 |
+----+--------------------+-----------------------+------------+-------------+----------+--------+-----------+-----------+--------------+--------+
| 19 | RandomForest       | TVAE_HYBRID           |     0.7176 |      0.706  |   0.7176 | 0.7095 |    0.8397 |    0.7488 |       0.5377 | 0.5396 |
+----+--------------------+-----------------------+------------+-------------+----------+--------+-----------+-----------+--------------+--------+