+----+--------------------+-----------------------+------------+-------------+----------+--------+-----------+-----------+--------------+---------+
|    | Model              | Dataset               |   Accuracy |   Precision |   Recall |     F1 |   AUC-ROC |   LogLoss |   CohenKappa |     MCC |
+====+====================+=======================+============+=============+==========+========+===========+===========+==============+=========+
|  1 | DecisionTree       | Anonymous             |     0.8249 |      0.8194 |   0.8249 | 0.8221 |    0.555  |    6.1422 |       0.1259 |  0.126  |
+----+--------------------+-----------------------+------------+-------------+----------+--------+-----------+-----------+--------------+---------+
|  2 | DecisionTree       | CTGAN_HYBRID          |     0.7109 |      0.8054 |   0.7109 | 0.7505 |    0.5297 |   10.3564 |       0.0482 |  0.053  |
+----+--------------------+-----------------------+------------+-------------+----------+--------+-----------+-----------+--------------+---------+
|  3 | DecisionTree       | GaussianCopula_HYBRID |     0.7903 |      0.8102 |   0.7903 | 0.7998 |    0.5443 |    7.5571 |       0.0803 |  0.0809 |
+----+--------------------+-----------------------+------------+-------------+----------+--------+-----------+-----------+--------------+---------+
|  0 | DecisionTree       | Original              |     0.8763 |      0.8767 |   0.8763 | 0.8765 |    0.7024 |    4.4601 |       0.4033 |  0.4033 |
+----+--------------------+-----------------------+------------+-------------+----------+--------+-----------+-----------+--------------+---------+
|  4 | DecisionTree       | TVAE_HYBRID           |     0.7605 |      0.8266 |   0.7605 | 0.7882 |    0.6006 |    8.4887 |       0.1424 |  0.1514 |
+----+--------------------+-----------------------+------------+-------------+----------+--------+-----------+-----------+--------------+---------+
|  6 | KNN                | Anonymous             |     0.8777 |      0.8379 |   0.8777 | 0.8462 |    0.6085 |    2.1534 |       0.1401 |  0.1737 |
+----+--------------------+-----------------------+------------+-------------+----------+--------+-----------+-----------+--------------+---------+
|  7 | KNN                | CTGAN_HYBRID          |     0.8211 |      0.7991 |   0.8211 | 0.8096 |    0.548  |    1.4309 |       0.0271 |  0.0275 |
+----+--------------------+-----------------------+------------+-------------+----------+--------+-----------+-----------+--------------+---------+
|  8 | KNN                | GaussianCopula_HYBRID |     0.8791 |      0.8013 |   0.8791 | 0.8282 |    0.5281 |    2.6232 |       0.0065 |  0.0158 |
+----+--------------------+-----------------------+------------+-------------+----------+--------+-----------+-----------+--------------+---------+
|  5 | KNN                | Original              |     0.8821 |      0.8614 |   0.8821 | 0.8678 |    0.753  |    1.5055 |       0.3004 |  0.3144 |
+----+--------------------+-----------------------+------------+-------------+----------+--------+-----------+-----------+--------------+---------+
|  9 | KNN                | TVAE_HYBRID           |     0.7297 |      0.8255 |   0.7297 | 0.7679 |    0.6201 |    5.4433 |       0.1262 |  0.14   |
+----+--------------------+-----------------------+------------+-------------+----------+--------+-----------+-----------+--------------+---------+
| 11 | LogisticRegression | Anonymous             |     0.8829 |      0.8266 |   0.8829 | 0.8285 |    0.6903 |    0.3383 |       0.0027 |  0.0207 |
+----+--------------------+-----------------------+------------+-------------+----------+--------+-----------+-----------+--------------+---------+
| 12 | LogisticRegression | CTGAN_HYBRID          |     0.8798 |      0.8131 |   0.8798 | 0.8302 |    0.6433 |    0.3992 |       0.0188 |  0.0423 |
+----+--------------------+-----------------------+------------+-------------+----------+--------+-----------+-----------+--------------+---------+
| 13 | LogisticRegression | GaussianCopula_HYBRID |     0.8829 |      0.7797 |   0.8829 | 0.8281 |    0.6242 |    0.3555 |      -0.0002 | -0.0038 |
+----+--------------------+-----------------------+------------+-------------+----------+--------+-----------+-----------+--------------+---------+
| 10 | LogisticRegression | Original              |     0.9009 |      0.8857 |   0.9009 | 0.8866 |    0.8977 |    0.2487 |       0.3931 |  0.4191 |
+----+--------------------+-----------------------+------------+-------------+----------+--------+-----------+-----------+--------------+---------+
| 14 | LogisticRegression | TVAE_HYBRID           |     0.7805 |      0.8144 |   0.7805 | 0.7961 |    0.6644 |    0.8273 |       0.0978 |  0.0997 |
+----+--------------------+-----------------------+------------+-------------+----------+--------+-----------+-----------+--------------+---------+
| 16 | RandomForest       | Anonymous             |     0.8433 |      0.8175 |   0.8433 | 0.829  |    0.6591 |    1.1276 |       0.1107 |  0.1137 |
+----+--------------------+-----------------------+------------+-------------+----------+--------+-----------+-----------+--------------+---------+
| 17 | RandomForest       | CTGAN_HYBRID          |     0.7404 |      0.7932 |   0.7404 | 0.7646 |    0.5651 |    0.7811 |      -0.0007 | -0.0007 |
+----+--------------------+-----------------------+------------+-------------+----------+--------+-----------+-----------+--------------+---------+
| 18 | RandomForest       | GaussianCopula_HYBRID |     0.8784 |      0.7944 |   0.8784 | 0.8272 |    0.6207 |    0.5611 |       0.0008 |  0.002  |
+----+--------------------+-----------------------+------------+-------------+----------+--------+-----------+-----------+--------------+---------+
| 15 | RandomForest       | Original              |     0.9058 |      0.8933 |   0.9058 | 0.8948 |    0.9266 |    0.2279 |       0.4448 |  0.4639 |
+----+--------------------+-----------------------+------------+-------------+----------+--------+-----------+-----------+--------------+---------+
| 19 | RandomForest       | TVAE_HYBRID           |     0.7723 |      0.8254 |   0.7723 | 0.7952 |    0.6591 |    1.3598 |       0.1418 |  0.1481 |
+----+--------------------+-----------------------+------------+-------------+----------+--------+-----------+-----------+--------------+---------+