+----+--------------------+-----------------------+------------+-------------+----------+--------+-----------+-----------+--------------+--------+
|    | Model              | Dataset               |   Accuracy |   Precision |   Recall |     F1 |   AUC-ROC |   LogLoss |   CohenKappa |    MCC |
+====+====================+=======================+============+=============+==========+========+===========+===========+==============+========+
|  1 | DecisionTree       | Anonymous             |     0.6875 |      0.6924 |   0.6875 | 0.6897 |    0.7368 |   10.7726 |       0.4956 | 0.4959 |
+----+--------------------+-----------------------+------------+-------------+----------+--------+-----------+-----------+--------------+--------+
|  2 | DecisionTree       | CTGAN_HYBRID          |     0.3863 |      0.4388 |   0.3863 | 0.4042 |    0.526  |   22.1202 |       0.0612 | 0.0627 |
+----+--------------------+-----------------------+------------+-------------+----------+--------+-----------+-----------+--------------+--------+
|  3 | DecisionTree       | GaussianCopula_HYBRID |     0.4375 |      0.4146 |   0.4375 | 0.425  |    0.5218 |   20.2746 |       0.0628 | 0.0631 |
+----+--------------------+-----------------------+------------+-------------+----------+--------+-----------+-----------+--------------+--------+
|  0 | DecisionTree       | Original              |     0.68   |      0.6965 |   0.68   | 0.687  |    0.7363 |   11.5351 |       0.4892 | 0.4903 |
+----+--------------------+-----------------------+------------+-------------+----------+--------+-----------+-----------+--------------+--------+
|  4 | DecisionTree       | TVAE_HYBRID           |     0.5806 |      0.6208 |   0.5806 | 0.5825 |    0.6647 |   14.5484 |       0.3433 | 0.3561 |
+----+--------------------+-----------------------+------------+-------------+----------+--------+-----------+-----------+--------------+--------+
|  6 | KNN                | Anonymous             |     0.6755 |      0.6653 |   0.6755 | 0.6694 |    0.7927 |    3.7458 |       0.4644 | 0.4652 |
+----+--------------------+-----------------------+------------+-------------+----------+--------+-----------+-----------+--------------+--------+
|  7 | KNN                | CTGAN_HYBRID          |     0.384  |      0.4425 |   0.384  | 0.3931 |    0.5346 |    5.63   |       0.0654 | 0.0688 |
+----+--------------------+-----------------------+------------+-------------+----------+--------+-----------+-----------+--------------+--------+
|  8 | KNN                | GaussianCopula_HYBRID |     0.4428 |      0.3949 |   0.4428 | 0.4117 |    0.5166 |    6.1923 |       0.0327 | 0.0337 |
+----+--------------------+-----------------------+------------+-------------+----------+--------+-----------+-----------+--------------+--------+
|  5 | KNN                | Original              |     0.5798 |      0.5704 |   0.5798 | 0.5742 |    0.703  |    4.3475 |       0.306  | 0.3067 |
+----+--------------------+-----------------------+------------+-------------+----------+--------+-----------+-----------+--------------+--------+
|  9 | KNN                | TVAE_HYBRID           |     0.5828 |      0.5779 |   0.5828 | 0.5592 |    0.6744 |    9.7669 |       0.3196 | 0.3364 |
+----+--------------------+-----------------------+------------+-------------+----------+--------+-----------+-----------+--------------+--------+
| 11 | LogisticRegression | Anonymous             |     0.7372 |      0.7033 |   0.7372 | 0.7089 |    0.8591 |    0.6251 |       0.5512 | 0.5609 |
+----+--------------------+-----------------------+------------+-------------+----------+--------+-----------+-----------+--------------+--------+
| 12 | LogisticRegression | CTGAN_HYBRID          |     0.4488 |      0.4465 |   0.4488 | 0.3969 |    0.545  |    1.0547 |       0.0119 | 0.0128 |
+----+--------------------+-----------------------+------------+-------------+----------+--------+-----------+-----------+--------------+--------+
| 13 | LogisticRegression | GaussianCopula_HYBRID |     0.4992 |      0.2494 |   0.4992 | 0.3327 |    0.5983 |    1.0137 |       0.0005 | 0.0079 |
+----+--------------------+-----------------------+------------+-------------+----------+--------+-----------+-----------+--------------+--------+
| 10 | LogisticRegression | Original              |     0.7756 |      0.7608 |   0.7756 | 0.7619 |    0.879  |    0.5821 |       0.6209 | 0.6275 |
+----+--------------------+-----------------------+------------+-------------+----------+--------+-----------+-----------+--------------+--------+
| 14 | LogisticRegression | TVAE_HYBRID           |     0.637  |      0.6085 |   0.637  | 0.5933 |    0.787  |    1.5025 |       0.4037 | 0.4392 |
+----+--------------------+-----------------------+------------+-------------+----------+--------+-----------+-----------+--------------+--------+
| 16 | RandomForest       | Anonymous             |     0.7508 |      0.7326 |   0.7508 | 0.7369 |    0.8664 |    0.8081 |       0.5809 | 0.5855 |
+----+--------------------+-----------------------+------------+-------------+----------+--------+-----------+-----------+--------------+--------+
| 17 | RandomForest       | CTGAN_HYBRID          |     0.4548 |      0.4473 |   0.4548 | 0.4487 |    0.561  |    1.0453 |       0.1087 | 0.1096 |
+----+--------------------+-----------------------+------------+-------------+----------+--------+-----------+-----------+--------------+--------+
| 18 | RandomForest       | GaussianCopula_HYBRID |     0.4827 |      0.3877 |   0.4827 | 0.3885 |    0.5692 |    1.028  |       0.0237 | 0.0321 |
+----+--------------------+-----------------------+------------+-------------+----------+--------+-----------+-----------+--------------+--------+
| 15 | RandomForest       | Original              |     0.7771 |      0.763  |   0.7771 | 0.762  |    0.8899 |    0.6204 |       0.6223 | 0.6298 |
+----+--------------------+-----------------------+------------+-------------+----------+--------+-----------+-----------+--------------+--------+
| 19 | RandomForest       | TVAE_HYBRID           |     0.6295 |      0.6285 |   0.6295 | 0.5996 |    0.7898 |    1.9682 |       0.4    | 0.4313 |
+----+--------------------+-----------------------+------------+-------------+----------+--------+-----------+-----------+--------------+--------+