+----+--------------------+-----------------------+------------+-------------+----------+--------+-----------+-----------+--------------+---------+
|    | Model              | Dataset               |   Accuracy |   Precision |   Recall |     F1 | AUC-ROC   | LogLoss   |   CohenKappa |     MCC |
+====+====================+=======================+============+=============+==========+========+===========+===========+==============+=========+
| 28 | DecisionTree       | Anonymous             |     0.6791 |      0.6721 |   0.6791 | 0.6754 | 0.7223    | 11.1419   |       0.4742 |  0.4744 |
+----+--------------------+-----------------------+------------+-------------+----------+--------+-----------+-----------+--------------+---------+
| 25 | DecisionTree       | CTGAN                 |     0.3684 |      0.3878 |   0.3684 | 0.3766 | 0.4957    | 22.7666   |      -0.0009 | -0.0009 |
+----+--------------------+-----------------------+------------+-------------+----------+--------+-----------+-----------+--------------+---------+
| 29 | DecisionTree       | CTGAN_HYBRID          |     0.3548 |      0.3609 |   0.3548 | 0.3551 | 0.4806    | 23.2553   |      -0.0361 | -0.0364 |
+----+--------------------+-----------------------+------------+-------------+----------+--------+-----------+-----------+--------------+---------+
| 27 | DecisionTree       | GaussianCopula        |     0.374  |      0.4121 |   0.374  | 0.3743 | 0.5057    | 22.5629   |       0.0169 |  0.0181 |
+----+--------------------+-----------------------+------------+-------------+----------+--------+-----------+-----------+--------------+---------+
| 31 | DecisionTree       | GaussianCopula_HYBRID |     0.409  |      0.4164 |   0.409  | 0.4121 | 0.5213    | 21.3004   |       0.0495 |  0.0496 |
+----+--------------------+-----------------------+------------+-------------+----------+--------+-----------+-----------+--------------+---------+
| 24 | DecisionTree       | Original              |     0.7006 |      0.703  |   0.7006 | 0.7017 | 0.7449    | 10.7927   |       0.5151 |  0.5151 |
+----+--------------------+-----------------------+------------+-------------+----------+--------+-----------+-----------+--------------+---------+
| 26 | DecisionTree       | TVAE                  |     0.6034 |      0.5004 |   0.6034 | 0.5461 | 0.6292    | 14.2953   |       0.3139 |  0.33   |
+----+--------------------+-----------------------+------------+-------------+----------+--------+-----------+-----------+--------------+---------+
| 30 | DecisionTree       | TVAE_HYBRID           |     0.5345 |      0.4276 |   0.5345 | 0.47   | N/A       | N/A       |       0.1566 |  0.1721 |
+----+--------------------+-----------------------+------------+-------------+----------+--------+-----------+-----------+--------------+---------+
| 12 | KNN                | Anonymous             |     0.6983 |      0.6795 |   0.6983 | 0.6854 | 0.804     | 3.5824    |       0.494  |  0.4974 |
+----+--------------------+-----------------------+------------+-------------+----------+--------+-----------+-----------+--------------+---------+
|  9 | KNN                | CTGAN                 |     0.3921 |      0.3808 |   0.3921 | 0.3857 | 0.4887    | 5.7387    |      -0.0055 | -0.0055 |
+----+--------------------+-----------------------+------------+-------------+----------+--------+-----------+-----------+--------------+---------+
| 13 | KNN                | CTGAN_HYBRID          |     0.3785 |      0.3937 |   0.3785 | 0.3733 | 0.5088    | 5.2071    |       0.0182 |  0.019  |
+----+--------------------+-----------------------+------------+-------------+----------+--------+-----------+-----------+--------------+---------+
| 11 | KNN                | GaussianCopula        |     0.4124 |      0.3823 |   0.4124 | 0.393  | 0.5043    | 5.2928    |       0.0088 |  0.009  |
+----+--------------------+-----------------------+------------+-------------+----------+--------+-----------+-----------+--------------+---------+
| 15 | KNN                | GaussianCopula_HYBRID |     0.4    |      0.4097 |   0.4    | 0.4023 | 0.5221    | 5.1943    |       0.0318 |  0.0321 |
+----+--------------------+-----------------------+------------+-------------+----------+--------+-----------+-----------+--------------+---------+
|  8 | KNN                | Original              |     0.5774 |      0.5653 |   0.5774 | 0.5703 | 0.6948    | 4.7405    |       0.3    |  0.3007 |
+----+--------------------+-----------------------+------------+-------------+----------+--------+-----------+-----------+--------------+---------+
| 10 | KNN                | TVAE                  |     0.548  |      0.4471 |   0.548  | 0.486  | 0.6086    | 9.9757    |       0.1797 |  0.1983 |
+----+--------------------+-----------------------+------------+-------------+----------+--------+-----------+-----------+--------------+---------+
| 14 | KNN                | TVAE_HYBRID           |     0.4847 |      0.3408 |   0.4847 | 0.353  | N/A       | N/A       |      -0.0082 | -0.0161 |
+----+--------------------+-----------------------+------------+-------------+----------+--------+-----------+-----------+--------------+---------+
|  4 | LogisticRegression | Anonymous             |     0.7401 |      0.7082 |   0.7401 | 0.7138 | 0.8608    | 0.628     |       0.5574 |  0.5663 |
+----+--------------------+-----------------------+------------+-------------+----------+--------+-----------+-----------+--------------+---------+
|  1 | LogisticRegression | CTGAN                 |     0.4836 |      0.3199 |   0.4836 | 0.3445 | 0.5144    | 1.0343    |      -0.0112 | -0.0233 |
+----+--------------------+-----------------------+------------+-------------+----------+--------+-----------+-----------+--------------+---------+
|  5 | LogisticRegression | CTGAN_HYBRID          |     0.4305 |      0.317  |   0.4305 | 0.3523 | 0.4603    | 1.0461    |      -0.0641 | -0.0784 |
+----+--------------------+-----------------------+------------+-------------+----------+--------+-----------+-----------+--------------+---------+
|  3 | LogisticRegression | GaussianCopula        |     0.4734 |      0.4967 |   0.4734 | 0.4769 | 0.5921    | 1.4095    |       0.1783 |  0.1828 |
+----+--------------------+-----------------------+------------+-------------+----------+--------+-----------+-----------+--------------+---------+
|  7 | LogisticRegression | GaussianCopula_HYBRID |     0.5107 |      0.4285 |   0.5107 | 0.375  | 0.6875    | 0.9684    |       0.0383 |  0.0855 |
+----+--------------------+-----------------------+------------+-------------+----------+--------+-----------+-----------+--------------+---------+
|  0 | LogisticRegression | Original              |     0.7684 |      0.75   |   0.7684 | 0.7531 | 0.8778    | 0.5846    |       0.6091 |  0.615  |
+----+--------------------+-----------------------+------------+-------------+----------+--------+-----------+-----------+--------------+---------+
|  2 | LogisticRegression | TVAE                  |     0.6282 |      0.5833 |   0.6282 | 0.5681 | 0.6797    | 4.0576    |       0.3351 |  0.3595 |
+----+--------------------+-----------------------+------------+-------------+----------+--------+-----------+-----------+--------------+---------+
|  6 | LogisticRegression | TVAE_HYBRID           |     0.6158 |      0.5005 |   0.6158 | 0.5462 | N/A       | N/A       |       0.3045 |  0.3341 |
+----+--------------------+-----------------------+------------+-------------+----------+--------+-----------+-----------+--------------+---------+
| 20 | RandomForest       | Anonymous             |     0.7492 |      0.7296 |   0.7492 | 0.7339 | 0.8704    | 1.0088    |       0.577  |  0.5824 |
+----+--------------------+-----------------------+------------+-------------+----------+--------+-----------+-----------+--------------+---------+
| 17 | RandomForest       | CTGAN                 |     0.4972 |      0.3723 |   0.4972 | 0.3579 | 0.534     | 1.0279    |       0.0102 |  0.0234 |
+----+--------------------+-----------------------+------------+-------------+----------+--------+-----------+-----------+--------------+---------+
| 21 | RandomForest       | CTGAN_HYBRID          |     0.4215 |      0.3593 |   0.4215 | 0.3862 | 0.4903    | 1.0699    |       0.0101 |  0.0106 |
+----+--------------------+-----------------------+------------+-------------+----------+--------+-----------+-----------+--------------+---------+
| 19 | RandomForest       | GaussianCopula        |     0.5672 |      0.4913 |   0.5672 | 0.5144 | 0.6627    | 0.9701    |       0.2318 |  0.2479 |
+----+--------------------+-----------------------+------------+-------------+----------+--------+-----------+-----------+--------------+---------+
| 23 | RandomForest       | GaussianCopula_HYBRID |     0.5469 |      0.4746 |   0.5469 | 0.4806 | 0.6026    | 1.0043    |       0.1707 |  0.1945 |
+----+--------------------+-----------------------+------------+-------------+----------+--------+-----------+-----------+--------------+---------+
| 16 | RandomForest       | Original              |     0.7706 |      0.758  |   0.7706 | 0.7579 | 0.8897    | 0.6121    |       0.6123 |  0.6192 |
+----+--------------------+-----------------------+------------+-------------+----------+--------+-----------+-----------+--------------+---------+
| 18 | RandomForest       | TVAE                  |     0.6621 |      0.5458 |   0.6621 | 0.598  | 0.7172    | 6.6286    |       0.412  |  0.4332 |
+----+--------------------+-----------------------+------------+-------------+----------+--------+-----------+-----------+--------------+---------+
| 22 | RandomForest       | TVAE_HYBRID           |     0.5571 |      0.4461 |   0.5571 | 0.4874 | N/A       | N/A       |       0.192  |  0.2145 |
+----+--------------------+-----------------------+------------+-------------+----------+--------+-----------+-----------+--------------+---------+