Model,Dataset,Accuracy,Precision,Recall,F1,AUC-ROC,LogLoss,CohenKappa,MCC
DecisionTree,Anonymous,0.6111,0.6011,0.6111,0.6057,0.5291,14.017,0.0597,0.0598
DecisionTree,CTGAN_HYBRID,0.6111,0.6011,0.6111,0.6057,0.5291,14.017,0.0597,0.0598
DecisionTree,GaussianCopula_HYBRID,0.5625,0.5653,0.5625,0.5639,0.4877,15.7691,-0.0244,-0.0244
DecisionTree,Original,0.7153,0.7385,0.7153,0.7228,0.6995,10.2624,0.373,0.3784
KNN,Anonymous,0.6389,0.6055,0.6389,0.6165,0.4816,2.579,0.0659,0.0681
KNN,CTGAN_HYBRID,0.6042,0.6166,0.6042,0.6097,0.5849,2.5363,0.096,0.0963
KNN,GaussianCopula_HYBRID,0.6458,0.5874,0.6458,0.6014,0.507,2.5521,0.0224,0.0249
KNN,Original,0.6597,0.6276,0.6597,0.6366,0.4986,2.8046,0.1136,0.118
LogisticRegression,Anonymous,0.6944,0.6473,0.6944,0.6282,0.5745,0.615,0.0959,0.1273
LogisticRegression,CTGAN_HYBRID,0.6528,0.5869,0.6528,0.5999,0.5145,0.6693,0.0196,0.0228
LogisticRegression,GaussianCopula_HYBRID,0.6944,0.6369,0.6944,0.5815,0.5214,0.6377,0.0174,0.0501
LogisticRegression,Original,0.8403,0.8431,0.8403,0.8294,0.788,0.4495,0.5839,0.6067
RandomForest,Anonymous,0.6319,0.5945,0.6319,0.607,0.5532,0.9339,0.0412,0.0428
RandomForest,CTGAN_HYBRID,0.6111,0.5905,0.6111,0.5991,0.4909,0.752,0.0345,0.0348
RandomForest,GaussianCopula_HYBRID,0.6528,0.5783,0.6528,0.5931,0.5658,0.6497,0.0044,0.0053
RandomForest,Original,0.8194,0.8143,0.8194,0.8139,0.8003,0.473,0.5517,0.557
SVM,Anonymous,0.6944,0.4823,0.6944,0.5692,,,0.0,0.0
SVM,CTGAN_HYBRID,0.6944,0.4823,0.6944,0.5692,,,0.0,0.0
SVM,GaussianCopula_HYBRID,0.6944,0.4823,0.6944,0.5692,,,0.0,0.0
SVM,Original,0.6944,0.4823,0.6944,0.5692,,,0.0,0.0
