+----+--------------------+-----------------------+------------+-------------+----------+--------+-----------+-----------+--------------+---------+
|    | Model              | Dataset               |   Accuracy |   Precision |   Recall |     F1 |   AUC-ROC |   LogLoss |   CohenKappa |     MCC |
+====+====================+=======================+============+=============+==========+========+===========+===========+==============+=========+
|  1 | DecisionTree       | Anonymous             |     0.683  |      0.6824 |   0.683  | 0.6826 |    0.7324 |   10.8548 |       0.485  |  0.4851 |
+----+--------------------+-----------------------+------------+-------------+----------+--------+-----------+-----------+--------------+---------+
|  2 | DecisionTree       | CTGAN_HYBRID          |     0.3803 |      0.391  |   0.3803 | 0.381  |    0.5025 |   22.3373 |       0.0088 |  0.009  |
+----+--------------------+-----------------------+------------+-------------+----------+--------+-----------+-----------+--------------+---------+
|  3 | DecisionTree       | GaussianCopula_HYBRID |     0.4217 |      0.4227 |   0.4217 | 0.422  |    0.5261 |   20.7918 |       0.061  |  0.061  |
+----+--------------------+-----------------------+------------+-------------+----------+--------+-----------+-----------+--------------+---------+
|  0 | DecisionTree       | Original              |     0.6777 |      0.6964 |   0.6777 | 0.6853 |    0.738  |   11.6165 |       0.4876 |  0.4892 |
+----+--------------------+-----------------------+------------+-------------+----------+--------+-----------+-----------+--------------+---------+
|  4 | DecisionTree       | TVAE_HYBRID           |     0.5753 |      0.6047 |   0.5753 | 0.5575 |    0.6366 |   14.7515 |       0.3204 |  0.3469 |
+----+--------------------+-----------------------+------------+-------------+----------+--------+-----------+-----------+--------------+---------+
|  6 | KNN                | Anonymous             |     0.6965 |      0.6837 |   0.6965 | 0.6882 |    0.8043 |    3.4713 |       0.4953 |  0.4971 |
+----+--------------------+-----------------------+------------+-------------+----------+--------+-----------+-----------+--------------+---------+
|  7 | KNN                | CTGAN_HYBRID          |     0.3486 |      0.3701 |   0.3486 | 0.3229 |    0.4964 |    5.6588 |      -0.0232 | -0.027  |
+----+--------------------+-----------------------+------------+-------------+----------+--------+-----------+-----------+--------------+---------+
|  8 | KNN                | GaussianCopula_HYBRID |     0.4729 |      0.4386 |   0.4729 | 0.45   |    0.565  |    5.3598 |       0.0977 |  0.0997 |
+----+--------------------+-----------------------+------------+-------------+----------+--------+-----------+-----------+--------------+---------+
|  5 | KNN                | Original              |     0.5798 |      0.5704 |   0.5798 | 0.5742 |    0.703  |    4.3475 |       0.306  |  0.3067 |
+----+--------------------+-----------------------+------------+-------------+----------+--------+-----------+-----------+--------------+---------+
|  9 | KNN                | TVAE_HYBRID           |     0.5919 |      0.5723 |   0.5919 | 0.5682 |    0.6933 |    7.8647 |       0.3221 |  0.3309 |
+----+--------------------+-----------------------+------------+-------------+----------+--------+-----------+-----------+--------------+---------+
| 11 | LogisticRegression | Anonymous             |     0.7387 |      0.7085 |   0.7387 | 0.7142 |    0.8605 |    0.6238 |       0.5554 |  0.5636 |
+----+--------------------+-----------------------+------------+-------------+----------+--------+-----------+-----------+--------------+---------+
| 12 | LogisticRegression | CTGAN_HYBRID          |     0.3946 |      0.4381 |   0.3946 | 0.3513 |    0.5153 |    1.0513 |       0.0115 |  0.0131 |
+----+--------------------+-----------------------+------------+-------------+----------+--------+-----------+-----------+--------------+---------+
| 13 | LogisticRegression | GaussianCopula_HYBRID |     0.5316 |      0.5046 |   0.5316 | 0.4185 |    0.661  |    0.9762 |       0.0934 |  0.1583 |
+----+--------------------+-----------------------+------------+-------------+----------+--------+-----------+-----------+--------------+---------+
| 10 | LogisticRegression | Original              |     0.7756 |      0.7608 |   0.7756 | 0.7619 |    0.879  |    0.5821 |       0.6209 |  0.6275 |
+----+--------------------+-----------------------+------------+-------------+----------+--------+-----------+-----------+--------------+---------+
| 14 | LogisticRegression | TVAE_HYBRID           |     0.6476 |      0.6117 |   0.6476 | 0.6115 |    0.756  |    1.4015 |       0.3989 |  0.4095 |
+----+--------------------+-----------------------+------------+-------------+----------+--------+-----------+-----------+--------------+---------+
| 16 | RandomForest       | Anonymous             |     0.7515 |      0.7319 |   0.7515 | 0.7358 |    0.8707 |    0.776  |       0.5803 |  0.5863 |
+----+--------------------+-----------------------+------------+-------------+----------+--------+-----------+-----------+--------------+---------+
| 17 | RandomForest       | CTGAN_HYBRID          |     0.448  |      0.3835 |   0.448  | 0.4087 |    0.5252 |    1.0769 |       0.0645 |  0.0685 |
+----+--------------------+-----------------------+------------+-------------+----------+--------+-----------+-----------+--------------+---------+
| 18 | RandomForest       | GaussianCopula_HYBRID |     0.4932 |      0.4215 |   0.4932 | 0.4018 |    0.5875 |    1.0042 |       0.0445 |  0.059  |
+----+--------------------+-----------------------+------------+-------------+----------+--------+-----------+-----------+--------------+---------+
| 15 | RandomForest       | Original              |     0.7741 |      0.7592 |   0.7741 | 0.7602 |    0.8899 |    0.5972 |       0.6184 |  0.6248 |
+----+--------------------+-----------------------+------------+-------------+----------+--------+-----------+-----------+--------------+---------+
| 19 | RandomForest       | TVAE_HYBRID           |     0.6182 |      0.591  |   0.6182 | 0.5764 |    0.7658 |    2.3341 |       0.3708 |  0.4005 |
+----+--------------------+-----------------------+------------+-------------+----------+--------+-----------+-----------+--------------+---------+