+----+--------------------+----------------+------------+-------------+----------+--------+-----------+-----------+--------------+--------+
|    | Model              | Dataset        |   Accuracy |   Precision |   Recall |     F1 |   AUC-ROC |   LogLoss |   CohenKappa |    MCC |
+====+====================+================+============+=============+==========+========+===========+===========+==============+========+
|  1 | DecisionTree       | CTGAN          |     0.8493 |      0.8418 |   0.8493 | 0.8453 |    0.6109 |    5.4327 |       0.2331 | 0.2336 |
+----+--------------------+----------------+------------+-------------+----------+--------+-----------+-----------+--------------+--------+
|  2 | DecisionTree       | GaussianCopula |     0.8073 |      0.8159 |   0.8073 | 0.8115 |    0.5567 |    6.9473 |       0.1084 | 0.1086 |
+----+--------------------+----------------+------------+-------------+----------+--------+-----------+-----------+--------------+--------+
|  0 | DecisionTree       | Original       |     0.8717 |      0.8728 |   0.8717 | 0.8722 |    0.6937 |    4.6235 |       0.3842 | 0.3842 |
+----+--------------------+----------------+------------+-------------+----------+--------+-----------+-----------+--------------+--------+
|  3 | DecisionTree       | TVAE           |     0.8429 |      0.8799 |   0.8429 | 0.8572 |    0.7438 |    5.6638 |       0.3906 | 0.4045 |
+----+--------------------+----------------+------------+-------------+----------+--------+-----------+-----------+--------------+--------+
|  5 | KNN                | CTGAN          |     0.8818 |      0.8421 |   0.8818 | 0.8446 |    0.6439 |    2.1924 |       0.118  | 0.1668 |
+----+--------------------+----------------+------------+-------------+----------+--------+-----------+-----------+--------------+--------+
|  6 | KNN                | GaussianCopula |     0.8778 |      0.8202 |   0.8778 | 0.8337 |    0.5977 |    2.0482 |       0.0473 | 0.0784 |
+----+--------------------+----------------+------------+-------------+----------+--------+-----------+-----------+--------------+--------+
|  4 | KNN                | Original       |     0.8821 |      0.8614 |   0.8821 | 0.8678 |    0.753  |    1.5055 |       0.3004 | 0.3144 |
+----+--------------------+----------------+------------+-------------+----------+--------+-----------+-----------+--------------+--------+
|  7 | KNN                | TVAE           |     0.8444 |      0.8728 |   0.8444 | 0.8561 |    0.787  |    2.0576 |       0.3675 | 0.3758 |
+----+--------------------+----------------+------------+-------------+----------+--------+-----------+-----------+--------------+--------+
|  9 | LogisticRegression | CTGAN          |     0.8934 |      0.8727 |   0.8934 | 0.8666 |    0.7818 |    0.3115 |       0.2559 | 0.3134 |
+----+--------------------+----------------+------------+-------------+----------+--------+-----------+-----------+--------------+--------+
| 10 | LogisticRegression | GaussianCopula |     0.8827 |      0.8353 |   0.8827 | 0.8319 |    0.873  |    0.3012 |       0.0261 | 0.0727 |
+----+--------------------+----------------+------------+-------------+----------+--------+-----------+-----------+--------------+--------+
|  8 | LogisticRegression | Original       |     0.9009 |      0.8857 |   0.9009 | 0.8866 |    0.8977 |    0.2487 |       0.3931 | 0.4191 |
+----+--------------------+----------------+------------+-------------+----------+--------+-----------+-----------+--------------+--------+
| 11 | LogisticRegression | TVAE           |     0.8735 |      0.8901 |   0.8735 | 0.8804 |    0.8859 |    0.3977 |       0.4576 | 0.4627 |
+----+--------------------+----------------+------------+-------------+----------+--------+-----------+-----------+--------------+--------+
| 13 | RandomForest       | CTGAN          |     0.8947 |      0.8759 |   0.8947 | 0.8675 |    0.8052 |    0.3551 |       0.259  | 0.3217 |
+----+--------------------+----------------+------------+-------------+----------+--------+-----------+-----------+--------------+--------+
| 14 | RandomForest       | GaussianCopula |     0.8831 |      0.8579 |   0.8831 | 0.8286 |    0.816  |    0.3063 |       0.0031 | 0.0312 |
+----+--------------------+----------------+------------+-------------+----------+--------+-----------+-----------+--------------+--------+
| 12 | RandomForest       | Original       |     0.9066 |      0.8941 |   0.9066 | 0.895  |    0.9262 |    0.2346 |       0.4435 | 0.465  |
+----+--------------------+----------------+------------+-------------+----------+--------+-----------+-----------+--------------+--------+
| 15 | RandomForest       | TVAE           |     0.8675 |      0.8888 |   0.8675 | 0.8761 |    0.8789 |    0.3571 |       0.4468 | 0.4542 |
+----+--------------------+----------------+------------+-------------+----------+--------+-----------+-----------+--------------+--------+