+----+--------------------+-----------------------+------------+-------------+----------+--------+-----------+-----------+--------------+---------+
|    | Model              | Dataset               |   Accuracy |   Precision |   Recall |     F1 |   AUC-ROC |   LogLoss |   CohenKappa |     MCC |
+====+====================+=======================+============+=============+==========+========+===========+===========+==============+=========+
|  1 | DecisionTree       | Anonymous             |     0.6739 |      0.6797 |   0.6739 | 0.6767 |    0.7287 |   11.2071 |       0.4739 |  0.4741 |
+----+--------------------+-----------------------+------------+-------------+----------+--------+-----------+-----------+--------------+---------+
|  2 | DecisionTree       | CTGAN_HYBRID          |     0.4616 |      0.4324 |   0.4616 | 0.4431 |    0.5383 |   19.406  |       0.0921 |  0.0932 |
+----+--------------------+-----------------------+------------+-------------+----------+--------+-----------+-----------+--------------+---------+
|  3 | DecisionTree       | GaussianCopula_HYBRID |     0.3727 |      0.4018 |   0.3727 | 0.3698 |    0.5351 |   22.6087 |       0.0557 |  0.0591 |
+----+--------------------+-----------------------+------------+-------------+----------+--------+-----------+-----------+--------------+---------+
|  0 | DecisionTree       | Original              |     0.677  |      0.6961 |   0.677  | 0.6849 |    0.7346 |   11.6436 |       0.4852 |  0.4866 |
+----+--------------------+-----------------------+------------+-------------+----------+--------+-----------+-----------+--------------+---------+
|  4 | DecisionTree       | TVAE_HYBRID           |     0.5279 |      0.565  |   0.5279 | 0.5242 |    0.6411 |   15.8629 |       0.269  |  0.282  |
+----+--------------------+-----------------------+------------+-------------+----------+--------+-----------+-----------+--------------+---------+
|  6 | KNN                | Anonymous             |     0.7011 |      0.6869 |   0.7011 | 0.6912 |    0.8076 |    3.3645 |       0.5007 |  0.5033 |
+----+--------------------+-----------------------+------------+-------------+----------+--------+-----------+-----------+--------------+---------+
|  7 | KNN                | CTGAN_HYBRID          |     0.4021 |      0.3989 |   0.4021 | 0.3857 |    0.4957 |    5.9777 |       0.0185 |  0.0194 |
+----+--------------------+-----------------------+------------+-------------+----------+--------+-----------+-----------+--------------+---------+
|  8 | KNN                | GaussianCopula_HYBRID |     0.442  |      0.4158 |   0.442  | 0.4244 |    0.5374 |    5.0931 |       0.0566 |  0.0574 |
+----+--------------------+-----------------------+------------+-------------+----------+--------+-----------+-----------+--------------+---------+
|  5 | KNN                | Original              |     0.5798 |      0.5704 |   0.5798 | 0.5742 |    0.703  |    4.3475 |       0.306  |  0.3067 |
+----+--------------------+-----------------------+------------+-------------+----------+--------+-----------+-----------+--------------+---------+
|  9 | KNN                | TVAE_HYBRID           |     0.5339 |      0.5459 |   0.5339 | 0.5348 |    0.6517 |   11.0701 |       0.2577 |  0.2606 |
+----+--------------------+-----------------------+------------+-------------+----------+--------+-----------+-----------+--------------+---------+
| 11 | LogisticRegression | Anonymous             |     0.7319 |      0.6816 |   0.7319 | 0.6833 |    0.8503 |    0.7413 |       0.5381 |  0.5553 |
+----+--------------------+-----------------------+------------+-------------+----------+--------+-----------+-----------+--------------+---------+
| 12 | LogisticRegression | CTGAN_HYBRID          |     0.497  |      0.366  |   0.497  | 0.3569 |    0.5587 |    1.0792 |       0.0103 |  0.0235 |
+----+--------------------+-----------------------+------------+-------------+----------+--------+-----------+-----------+--------------+---------+
| 13 | LogisticRegression | GaussianCopula_HYBRID |     0.4977 |      0.3553 |   0.4977 | 0.3483 |    0.652  |    1.248  |       0.0068 |  0.0189 |
+----+--------------------+-----------------------+------------+-------------+----------+--------+-----------+-----------+--------------+---------+
| 10 | LogisticRegression | Original              |     0.7756 |      0.7608 |   0.7756 | 0.7619 |    0.879  |    0.5821 |       0.6209 |  0.6275 |
+----+--------------------+-----------------------+------------+-------------+----------+--------+-----------+-----------+--------------+---------+
| 14 | LogisticRegression | TVAE_HYBRID           |     0.677  |      0.6182 |   0.677  | 0.6262 |    0.7768 |    1.9276 |       0.4368 |  0.4539 |
+----+--------------------+-----------------------+------------+-------------+----------+--------+-----------+-----------+--------------+---------+
| 16 | RandomForest       | Anonymous             |     0.7538 |      0.7329 |   0.7538 | 0.7316 |    0.8693 |    0.758  |       0.5788 |  0.5894 |
+----+--------------------+-----------------------+------------+-------------+----------+--------+-----------+-----------+--------------+---------+
| 17 | RandomForest       | CTGAN_HYBRID          |     0.4526 |      0.3508 |   0.4526 | 0.3864 |    0.4905 |    1.0778 |      -0.0076 | -0.0087 |
+----+--------------------+-----------------------+------------+-------------+----------+--------+-----------+-----------+--------------+---------+
| 18 | RandomForest       | GaussianCopula_HYBRID |     0.509  |      0.4656 |   0.509  | 0.4262 |    0.6394 |    0.9819 |       0.0899 |  0.1171 |
+----+--------------------+-----------------------+------------+-------------+----------+--------+-----------+-----------+--------------+---------+
| 15 | RandomForest       | Original              |     0.7741 |      0.7594 |   0.7741 | 0.7599 |    0.8879 |    0.6499 |       0.6179 |  0.6248 |
+----+--------------------+-----------------------+------------+-------------+----------+--------+-----------+-----------+--------------+---------+
| 19 | RandomForest       | TVAE_HYBRID           |     0.5986 |      0.6082 |   0.5986 | 0.5779 |    0.7662 |    1.9706 |       0.3556 |  0.3791 |
+----+--------------------+-----------------------+------------+-------------+----------+--------+-----------+-----------+--------------+---------+