+----+--------------------+-----------------------+------------+-------------+----------+--------+-----------+-----------+--------------+--------+
|    | Model              | Dataset               |   Accuracy |   Precision |   Recall |     F1 |   AUC-ROC |   LogLoss |   CohenKappa |    MCC |
+====+====================+=======================+============+=============+==========+========+===========+===========+==============+========+
|  1 | DecisionTree       | Anonymous             |     0.6958 |      0.7066 |   0.6958 | 0.7005 |    0.7472 |   10.9651 |       0.512  | 0.5126 |
+----+--------------------+-----------------------+------------+-------------+----------+--------+-----------+-----------+--------------+--------+
|  2 | DecisionTree       | CTGAN_HYBRID          |     0.4006 |      0.4093 |   0.4006 | 0.3804 |    0.5191 |   21.6045 |       0.0446 | 0.0488 |
+----+--------------------+-----------------------+------------+-------------+----------+--------+-----------+-----------+--------------+--------+
|  3 | DecisionTree       | GaussianCopula_HYBRID |     0.4322 |      0.4481 |   0.4322 | 0.4387 |    0.5478 |   20.4645 |       0.1007 | 0.1012 |
+----+--------------------+-----------------------+------------+-------------+----------+--------+-----------+-----------+--------------+--------+
|  0 | DecisionTree       | Original              |     0.6815 |      0.6959 |   0.6815 | 0.6876 |    0.7369 |   11.4808 |       0.4905 | 0.4914 |
+----+--------------------+-----------------------+------------+-------------+----------+--------+-----------+-----------+--------------+--------+
|  4 | DecisionTree       | TVAE_HYBRID           |     0.5904 |      0.6242 |   0.5904 | 0.599  |    0.6686 |   14.7649 |       0.361  | 0.3668 |
+----+--------------------+-----------------------+------------+-------------+----------+--------+-----------+-----------+--------------+--------+
|  6 | KNN                | Anonymous             |     0.628  |      0.61   |   0.628  | 0.6149 |    0.7253 |    4.4385 |       0.3738 | 0.3776 |
+----+--------------------+-----------------------+------------+-------------+----------+--------+-----------+-----------+--------------+--------+
|  7 | KNN                | CTGAN_HYBRID          |     0.3878 |      0.4295 |   0.3878 | 0.3348 |    0.5782 |    6.1971 |       0.0623 | 0.0818 |
+----+--------------------+-----------------------+------------+-------------+----------+--------+-----------+-----------+--------------+--------+
|  8 | KNN                | GaussianCopula_HYBRID |     0.4443 |      0.4267 |   0.4443 | 0.4322 |    0.5327 |    5.4546 |       0.0667 | 0.0672 |
+----+--------------------+-----------------------+------------+-------------+----------+--------+-----------+-----------+--------------+--------+
|  5 | KNN                | Original              |     0.5798 |      0.5704 |   0.5798 | 0.5742 |    0.703  |    4.3475 |       0.306  | 0.3067 |
+----+--------------------+-----------------------+------------+-------------+----------+--------+-----------+-----------+--------------+--------+
|  9 | KNN                | TVAE_HYBRID           |     0.5685 |      0.5342 |   0.5685 | 0.5425 |    0.6585 |    6.8812 |       0.2718 | 0.2768 |
+----+--------------------+-----------------------+------------+-------------+----------+--------+-----------+-----------+--------------+--------+
| 11 | LogisticRegression | Anonymous             |     0.7605 |      0.7458 |   0.7605 | 0.7507 |    0.8707 |    0.6044 |       0.602  | 0.6041 |
+----+--------------------+-----------------------+------------+-------------+----------+--------+-----------+-----------+--------------+--------+
| 12 | LogisticRegression | CTGAN_HYBRID          |     0.427  |      0.5099 |   0.427  | 0.3532 |    0.6863 |    1.0785 |       0.1203 | 0.1958 |
+----+--------------------+-----------------------+------------+-------------+----------+--------+-----------+-----------+--------------+--------+
| 13 | LogisticRegression | GaussianCopula_HYBRID |     0.5745 |      0.5273 |   0.5745 | 0.4966 |    0.716  |    0.927  |       0.2074 | 0.261  |
+----+--------------------+-----------------------+------------+-------------+----------+--------+-----------+-----------+--------------+--------+
| 10 | LogisticRegression | Original              |     0.7756 |      0.7608 |   0.7756 | 0.7619 |    0.879  |    0.5821 |       0.6209 | 0.6275 |
+----+--------------------+-----------------------+------------+-------------+----------+--------+-----------+-----------+--------------+--------+
| 14 | LogisticRegression | TVAE_HYBRID           |     0.6943 |      0.6424 |   0.6943 | 0.6488 |    0.7943 |    1.6571 |       0.4839 | 0.5015 |
+----+--------------------+-----------------------+------------+-------------+----------+--------+-----------+-----------+--------------+--------+
| 16 | RandomForest       | Anonymous             |     0.7703 |      0.7536 |   0.7703 | 0.7545 |    0.8855 |    0.5837 |       0.6108 | 0.6182 |
+----+--------------------+-----------------------+------------+-------------+----------+--------+-----------+-----------+--------------+--------+
| 17 | RandomForest       | CTGAN_HYBRID          |     0.3758 |      0.4653 |   0.3758 | 0.2793 |    0.6384 |    1.148  |       0.0551 | 0.1094 |
+----+--------------------+-----------------------+------------+-------------+----------+--------+-----------+-----------+--------------+--------+
| 18 | RandomForest       | GaussianCopula_HYBRID |     0.5971 |      0.5337 |   0.5971 | 0.5237 |    0.6978 |    0.9372 |       0.2534 | 0.3014 |
+----+--------------------+-----------------------+------------+-------------+----------+--------+-----------+-----------+--------------+--------+
| 15 | RandomForest       | Original              |     0.7696 |      0.7546 |   0.7696 | 0.7548 |    0.8887 |    0.6001 |       0.6096 | 0.6171 |
+----+--------------------+-----------------------+------------+-------------+----------+--------+-----------+-----------+--------------+--------+
| 19 | RandomForest       | TVAE_HYBRID           |     0.7041 |      0.6777 |   0.7041 | 0.6714 |    0.8377 |    0.7447 |       0.5077 | 0.5239 |
+----+--------------------+-----------------------+------------+-------------+----------+--------+-----------+-----------+--------------+--------+