+----+--------------------+-----------------------+------------+-------------+----------+--------+-----------+-----------+--------------+--------+
|    | Model              | Dataset               |   Accuracy |   Precision |   Recall |     F1 |   AUC-ROC |   LogLoss |   CohenKappa |    MCC |
+====+====================+=======================+============+=============+==========+========+===========+===========+==============+========+
|  1 | DecisionTree       | Anonymous             |     0.6566 |      0.6851 |   0.6566 | 0.6678 |    0.7236 |   12.3764 |       0.4589 | 0.4617 |
+----+--------------------+-----------------------+------------+-------------+----------+--------+-----------+-----------+--------------+--------+
|  2 | DecisionTree       | CTGAN_HYBRID          |     0.4149 |      0.464  |   0.4149 | 0.4287 |    0.5483 |   21.0888 |       0.1073 | 0.1103 |
+----+--------------------+-----------------------+------------+-------------+----------+--------+-----------+-----------+--------------+--------+
|  3 | DecisionTree       | GaussianCopula_HYBRID |     0.4548 |      0.4446 |   0.4548 | 0.4492 |    0.5439 |   19.6503 |       0.1021 | 0.1023 |
+----+--------------------+-----------------------+------------+-------------+----------+--------+-----------+-----------+--------------+--------+
|  0 | DecisionTree       | Original              |     0.6724 |      0.6926 |   0.6724 | 0.6808 |    0.732  |   11.8065 |       0.4788 | 0.4804 |
+----+--------------------+-----------------------+------------+-------------+----------+--------+-----------+-----------+--------------+--------+
|  4 | DecisionTree       | TVAE_HYBRID           |     0.5211 |      0.5713 |   0.5211 | 0.5348 |    0.6225 |   17.2619 |       0.2624 | 0.2686 |
+----+--------------------+-----------------------+------------+-------------+----------+--------+-----------+-----------+--------------+--------+
|  6 | KNN                | Anonymous             |     0.6288 |      0.6119 |   0.6288 | 0.6178 |    0.7202 |    3.9628 |       0.3787 | 0.381  |
+----+--------------------+-----------------------+------------+-------------+----------+--------+-----------+-----------+--------------+--------+
|  7 | KNN                | CTGAN_HYBRID          |     0.3916 |      0.4314 |   0.3916 | 0.3899 |    0.577  |    4.0062 |       0.0808 | 0.0854 |
+----+--------------------+-----------------------+------------+-------------+----------+--------+-----------+-----------+--------------+--------+
|  8 | KNN                | GaussianCopula_HYBRID |     0.4676 |      0.4548 |   0.4676 | 0.4605 |    0.5699 |    4.8866 |       0.1187 | 0.1189 |
+----+--------------------+-----------------------+------------+-------------+----------+--------+-----------+-----------+--------------+--------+
|  5 | KNN                | Original              |     0.5798 |      0.5704 |   0.5798 | 0.5742 |    0.703  |    4.3475 |       0.306  | 0.3067 |
+----+--------------------+-----------------------+------------+-------------+----------+--------+-----------+-----------+--------------+--------+
|  9 | KNN                | TVAE_HYBRID           |     0.5151 |      0.523  |   0.5151 | 0.5157 |    0.6597 |    6.342  |       0.2258 | 0.2275 |
+----+--------------------+-----------------------+------------+-------------+----------+--------+-----------+-----------+--------------+--------+
| 11 | LogisticRegression | Anonymous             |     0.7583 |      0.7371 |   0.7583 | 0.7385 |    0.8557 |    0.6558 |       0.5889 | 0.5973 |
+----+--------------------+-----------------------+------------+-------------+----------+--------+-----------+-----------+--------------+--------+
| 12 | LogisticRegression | CTGAN_HYBRID          |     0.5941 |      0.5561 |   0.5941 | 0.5687 |    0.6754 |    1.0121 |       0.3042 | 0.3107 |
+----+--------------------+-----------------------+------------+-------------+----------+--------+-----------+-----------+--------------+--------+
| 13 | LogisticRegression | GaussianCopula_HYBRID |     0.5173 |      0.5329 |   0.5173 | 0.3861 |    0.7146 |    0.9937 |       0.067  | 0.1274 |
+----+--------------------+-----------------------+------------+-------------+----------+--------+-----------+-----------+--------------+--------+
| 10 | LogisticRegression | Original              |     0.7756 |      0.7608 |   0.7756 | 0.7619 |    0.879  |    0.5821 |       0.6209 | 0.6275 |
+----+--------------------+-----------------------+------------+-------------+----------+--------+-----------+-----------+--------------+--------+
| 14 | LogisticRegression | TVAE_HYBRID           |     0.6619 |      0.6488 |   0.6619 | 0.6252 |    0.7958 |    1.1879 |       0.4412 | 0.4671 |
+----+--------------------+-----------------------+------------+-------------+----------+--------+-----------+-----------+--------------+--------+
| 16 | RandomForest       | Anonymous             |     0.7696 |      0.7525 |   0.7696 | 0.7532 |    0.8817 |    0.5925 |       0.6092 | 0.6169 |
+----+--------------------+-----------------------+------------+-------------+----------+--------+-----------+-----------+--------------+--------+
| 17 | RandomForest       | CTGAN_HYBRID          |     0.6363 |      0.5664 |   0.6363 | 0.5829 |    0.7288 |    0.883  |       0.3628 | 0.3792 |
+----+--------------------+-----------------------+------------+-------------+----------+--------+-----------+-----------+--------------+--------+
| 18 | RandomForest       | GaussianCopula_HYBRID |     0.5467 |      0.4737 |   0.5467 | 0.4669 |    0.6522 |    0.9677 |       0.1519 | 0.1898 |
+----+--------------------+-----------------------+------------+-------------+----------+--------+-----------+-----------+--------------+--------+
| 15 | RandomForest       | Original              |     0.7741 |      0.7575 |   0.7741 | 0.757  |    0.8875 |    0.5801 |       0.6161 | 0.6246 |
+----+--------------------+-----------------------+------------+-------------+----------+--------+-----------+-----------+--------------+--------+
| 19 | RandomForest       | TVAE_HYBRID           |     0.628  |      0.6503 |   0.628  | 0.6241 |    0.7915 |    0.9281 |       0.4111 | 0.4235 |
+----+--------------------+-----------------------+------------+-------------+----------+--------+-----------+-----------+--------------+--------+