+----+--------------------+-----------------------+------------+-------------+----------+--------+-----------+-----------+--------------+--------+
|    | Model              | Dataset               |   Accuracy |   Precision |   Recall |     F1 |   AUC-ROC |   LogLoss |   CohenKappa |    MCC |
+====+====================+=======================+============+=============+==========+========+===========+===========+==============+========+
|  1 | DecisionTree       | Anonymous             |     0.6785 |      0.6824 |   0.6785 | 0.6803 |    0.7333 |   10.991  |       0.4801 | 0.4802 |
+----+--------------------+-----------------------+------------+-------------+----------+--------+-----------+-----------+--------------+--------+
|  2 | DecisionTree       | CTGAN_HYBRID          |     0.4111 |      0.3825 |   0.4111 | 0.3876 |    0.5037 |   21.2245 |       0.0151 | 0.0156 |
+----+--------------------+-----------------------+------------+-------------+----------+--------+-----------+-----------+--------------+--------+
|  3 | DecisionTree       | GaussianCopula_HYBRID |     0.4367 |      0.4266 |   0.4367 | 0.4309 |    0.532  |   20.249  |       0.0713 | 0.0715 |
+----+--------------------+-----------------------+------------+-------------+----------+--------+-----------+-----------+--------------+--------+
|  0 | DecisionTree       | Original              |     0.6694 |      0.6934 |   0.6694 | 0.6791 |    0.7309 |   11.915  |       0.4754 | 0.4775 |
+----+--------------------+-----------------------+------------+-------------+----------+--------+-----------+-----------+--------------+--------+
|  4 | DecisionTree       | TVAE_HYBRID           |     0.6009 |      0.6445 |   0.6009 | 0.6041 |    0.6895 |   13.037  |       0.3782 | 0.3917 |
+----+--------------------+-----------------------+------------+-------------+----------+--------+-----------+-----------+--------------+--------+
|  6 | KNN                | Anonymous             |     0.6965 |      0.6837 |   0.6965 | 0.6882 |    0.8043 |    3.4713 |       0.4953 | 0.4971 |
+----+--------------------+-----------------------+------------+-------------+----------+--------+-----------+-----------+--------------+--------+
|  7 | KNN                | CTGAN_HYBRID          |     0.4736 |      0.4421 |   0.4736 | 0.4263 |    0.5361 |    6.6123 |       0.063  | 0.0706 |
+----+--------------------+-----------------------+------------+-------------+----------+--------+-----------+-----------+--------------+--------+
|  8 | KNN                | GaussianCopula_HYBRID |     0.4729 |      0.4386 |   0.4729 | 0.45   |    0.565  |    5.3598 |       0.0977 | 0.0997 |
+----+--------------------+-----------------------+------------+-------------+----------+--------+-----------+-----------+--------------+--------+
|  5 | KNN                | Original              |     0.5798 |      0.5704 |   0.5798 | 0.5742 |    0.703  |    4.3475 |       0.306  | 0.3067 |
+----+--------------------+-----------------------+------------+-------------+----------+--------+-----------+-----------+--------------+--------+
|  9 | KNN                | TVAE_HYBRID           |     0.5557 |      0.5422 |   0.5557 | 0.542  |    0.6714 |    9.1007 |       0.2768 | 0.2817 |
+----+--------------------+-----------------------+------------+-------------+----------+--------+-----------+-----------+--------------+--------+
| 11 | LogisticRegression | Anonymous             |     0.7387 |      0.7085 |   0.7387 | 0.7142 |    0.8605 |    0.6238 |       0.5554 | 0.5636 |
+----+--------------------+-----------------------+------------+-------------+----------+--------+-----------+-----------+--------------+--------+
| 12 | LogisticRegression | CTGAN_HYBRID          |     0.4992 |      0.2492 |   0.4992 | 0.3325 |    0.669  |    1.0031 |       0      | 0      |
+----+--------------------+-----------------------+------------+-------------+----------+--------+-----------+-----------+--------------+--------+
| 13 | LogisticRegression | GaussianCopula_HYBRID |     0.5316 |      0.5046 |   0.5316 | 0.4185 |    0.661  |    0.9762 |       0.0934 | 0.1583 |
+----+--------------------+-----------------------+------------+-------------+----------+--------+-----------+-----------+--------------+--------+
| 10 | LogisticRegression | Original              |     0.7756 |      0.7608 |   0.7756 | 0.7619 |    0.879  |    0.5821 |       0.6209 | 0.6275 |
+----+--------------------+-----------------------+------------+-------------+----------+--------+-----------+-----------+--------------+--------+
| 14 | LogisticRegression | TVAE_HYBRID           |     0.6672 |      0.6499 |   0.6672 | 0.6471 |    0.7814 |    1.367  |       0.4517 | 0.4615 |
+----+--------------------+-----------------------+------------+-------------+----------+--------+-----------+-----------+--------------+--------+
| 16 | RandomForest       | Anonymous             |     0.7485 |      0.7288 |   0.7485 | 0.7315 |    0.8692 |    0.852  |       0.5736 | 0.5808 |
+----+--------------------+-----------------------+------------+-------------+----------+--------+-----------+-----------+--------------+--------+
| 17 | RandomForest       | CTGAN_HYBRID          |     0.5053 |      0.4963 |   0.5053 | 0.3503 |    0.6467 |    1.0152 |       0.0215 | 0.0719 |
+----+--------------------+-----------------------+------------+-------------+----------+--------+-----------+-----------+--------------+--------+
| 18 | RandomForest       | GaussianCopula_HYBRID |     0.4834 |      0.3932 |   0.4834 | 0.3933 |    0.5829 |    1.0102 |       0.0292 | 0.0381 |
+----+--------------------+-----------------------+------------+-------------+----------+--------+-----------+-----------+--------------+--------+
| 15 | RandomForest       | Original              |     0.7779 |      0.7622 |   0.7779 | 0.7608 |    0.8886 |    0.6247 |       0.6226 | 0.6311 |
+----+--------------------+-----------------------+------------+-------------+----------+--------+-----------+-----------+--------------+--------+
| 19 | RandomForest       | TVAE_HYBRID           |     0.6446 |      0.6266 |   0.6446 | 0.6192 |    0.7742 |    2.0985 |       0.4203 | 0.4367 |
+----+--------------------+-----------------------+------------+-------------+----------+--------+-----------+-----------+--------------+--------+