+----+--------------------+-----------------------+------------+-------------+----------+--------+-----------+-----------+--------------+---------+
|    | Model              | Dataset               |   Accuracy |   Precision |   Recall |     F1 |   AUC-ROC |   LogLoss |   CohenKappa |     MCC |
+====+====================+=======================+============+=============+==========+========+===========+===========+==============+=========+
|  1 | DecisionTree       | Anonymous             |     0.8209 |      0.8226 |   0.8209 | 0.8217 |    0.5668 |    6.391  |       0.1414 |  0.1414 |
+----+--------------------+-----------------------+------------+-------------+----------+--------+-----------+-----------+--------------+---------+
|  2 | DecisionTree       | CTGAN_HYBRID          |     0.7277 |      0.8132 |   0.7277 | 0.7635 |    0.5571 |    9.8147 |       0.081  |  0.0881 |
+----+--------------------+-----------------------+------------+-------------+----------+--------+-----------+-----------+--------------+---------+
|  3 | DecisionTree       | GaussianCopula_HYBRID |     0.8055 |      0.8041 |   0.8055 | 0.8048 |    0.5258 |    7.011  |       0.052  |  0.052  |
+----+--------------------+-----------------------+------------+-------------+----------+--------+-----------+-----------+--------------+---------+
|  0 | DecisionTree       | Original              |     0.8781 |      0.8784 |   0.8781 | 0.8783 |    0.7063 |    4.3924 |       0.4116 |  0.4117 |
+----+--------------------+-----------------------+------------+-------------+----------+--------+-----------+-----------+--------------+---------+
|  4 | DecisionTree       | TVAE_HYBRID           |     0.8144 |      0.8161 |   0.8144 | 0.8153 |    0.5561 |    6.6741 |       0.11   |  0.11   |
+----+--------------------+-----------------------+------------+-------------+----------+--------+-----------+-----------+--------------+---------+
|  6 | KNN                | Anonymous             |     0.8769 |      0.8364 |   0.8769 | 0.8454 |    0.6111 |    2.1022 |       0.1363 |  0.1684 |
+----+--------------------+-----------------------+------------+-------------+----------+--------+-----------+-----------+--------------+---------+
|  7 | KNN                | CTGAN_HYBRID          |     0.8248 |      0.8173 |   0.8248 | 0.821  |    0.5838 |    1.7723 |       0.1152 |  0.1154 |
+----+--------------------+-----------------------+------------+-------------+----------+--------+-----------+-----------+--------------+---------+
|  8 | KNN                | GaussianCopula_HYBRID |     0.8731 |      0.7919 |   0.8731 | 0.8255 |    0.5161 |    2.5993 |      -0.0023 | -0.0041 |
+----+--------------------+-----------------------+------------+-------------+----------+--------+-----------+-----------+--------------+---------+
|  5 | KNN                | Original              |     0.8821 |      0.8614 |   0.8821 | 0.8678 |    0.753  |    1.5055 |       0.3004 |  0.3144 |
+----+--------------------+-----------------------+------------+-------------+----------+--------+-----------+-----------+--------------+---------+
|  9 | KNN                | TVAE_HYBRID           |     0.8725 |      0.8285 |   0.8725 | 0.8412 |    0.5785 |    2.6083 |       0.1157 |  0.1403 |
+----+--------------------+-----------------------+------------+-------------+----------+--------+-----------+-----------+--------------+---------+
| 11 | LogisticRegression | Anonymous             |     0.8829 |      0.8266 |   0.8829 | 0.8285 |    0.6901 |    0.3386 |       0.0027 |  0.0207 |
+----+--------------------+-----------------------+------------+-------------+----------+--------+-----------+-----------+--------------+---------+
| 12 | LogisticRegression | CTGAN_HYBRID          |     0.8439 |      0.8166 |   0.8439 | 0.8287 |    0.6723 |    0.3864 |       0.1057 |  0.1089 |
+----+--------------------+-----------------------+------------+-------------+----------+--------+-----------+-----------+--------------+---------+
| 13 | LogisticRegression | GaussianCopula_HYBRID |     0.8828 |      0.7797 |   0.8828 | 0.828  |    0.6302 |    0.3559 |      -0.0004 | -0.0054 |
+----+--------------------+-----------------------+------------+-------------+----------+--------+-----------+-----------+--------------+---------+
| 10 | LogisticRegression | Original              |     0.9009 |      0.8857 |   0.9009 | 0.8866 |    0.8977 |    0.2487 |       0.3931 |  0.4191 |
+----+--------------------+-----------------------+------------+-------------+----------+--------+-----------+-----------+--------------+---------+
| 14 | LogisticRegression | TVAE_HYBRID           |     0.8769 |      0.8008 |   0.8769 | 0.8281 |    0.6632 |    0.3576 |       0.009  |  0.018  |
+----+--------------------+-----------------------+------------+-------------+----------+--------+-----------+-----------+--------------+---------+
| 16 | RandomForest       | Anonymous             |     0.8641 |      0.8308 |   0.8641 | 0.8432 |    0.6793 |    0.8793 |       0.1565 |  0.1684 |
+----+--------------------+-----------------------+------------+-------------+----------+--------+-----------+-----------+--------------+---------+
| 17 | RandomForest       | CTGAN_HYBRID          |     0.7982 |      0.8206 |   0.7982 | 0.8087 |    0.6393 |    0.7273 |       0.1293 |  0.1306 |
+----+--------------------+-----------------------+------------+-------------+----------+--------+-----------+-----------+--------------+---------+
| 18 | RandomForest       | GaussianCopula_HYBRID |     0.8752 |      0.7878 |   0.8752 | 0.8254 |    0.5904 |    0.5138 |      -0.0066 | -0.0134 |
+----+--------------------+-----------------------+------------+-------------+----------+--------+-----------+-----------+--------------+---------+
| 15 | RandomForest       | Original              |     0.9055 |      0.893  |   0.9055 | 0.8946 |    0.9238 |    0.2367 |       0.4442 |  0.4627 |
+----+--------------------+-----------------------+------------+-------------+----------+--------+-----------+-----------+--------------+---------+
| 19 | RandomForest       | TVAE_HYBRID           |     0.8492 |      0.8182 |   0.8492 | 0.8315 |    0.6544 |    1.101  |       0.1102 |  0.115  |
+----+--------------------+-----------------------+------------+-------------+----------+--------+-----------+-----------+--------------+---------+